n1
8395 8599
7074 7645
3923 4654
1518 1820
7943 8274
6609 7286
3047 3684
7374 7448
1262 1545
1337 1801
2213 2399
1377 1525
7699 7810
2407 2903
6263 6475
60 831
6936 7152
2762 2879
5442 5803
3482 4281
4036 4050
6748 7147
6071 6382
926 1043
3114 3803
5714 6475
416 943
851 1005
6550 6707
9195 9802
1669 1698
8048 8454
5918 6432
2889 3619
4724 5229
8204 8345
1346 1896
9697 9982
5211 5252
6958 7715
1189 1671
6336 6495
6137 6316
3155 3201
1096 1506
316 983
2950 3338
4477 5071
6204 6275
8737 9165
5145 5710
8330 8486
5942 6440
3017 3078
1983 2042
3875 4345
4769 4996
3643 3887
4209 4836
5675 5937
2739 2942
7445 7865
1189 1196
7067 7728
1007 1389
185 579
7216 7674
7844 8585
5857 6369
7489 8216
7010 7570
2185 2620
9348 9387
7800 7865
6616 7297
7409 8048
5671 6303
574 904
3067 3128
7736 8216
9192 9693
4832 5475
1119 1918
5316 5832
190 847
1921 2467
9120 9882
6239 6376
7577 7873
2573 2725
7676 7882
4318 4899
4962 5405
8443 8833
5684 6451
413 759
2852 2966
6294 6680
3753 4013
6677 6777
n2
2325 2730
8008 8534
9242 9575
8997 9609
5323 5859
3331 3531
9778 9906
2704 2861
2113 2840
8019 8798
3961 4682
4398 5073
1154 1937
372 1010
1562 1910
9917 9963
8624 9121
2931 3253
1460 1497
5123 5692
4237 4775
9002 9695
191 558
158 911
5697 6356
1307 2026
2743 3348
6879 7480
310 969
3109 3283
9442 9460
4437 4770
5063 5849
4015 4333
7804 8416
3996 4099
2164 2277
165 308
5304 5344
4415 4453
1226 1542
4347 4813
6078 6842
2991 3565
1843 2337
328 448
3778 3875
6499 6589
2294 2431
7697 7984
9214 9881
2490 2775
6758 6918
8141 8220
9177 9479
9334 9975
4636 5009
1450 1983
8923 9533
8185 8520
606 1394
4584 5090
4569 4703
9772 9830
769 1243
6564 6985
9652 9956
8167 8334
1637 1727
8181 8619
403 465
1220 1996
4340 4573
1606 1965
3188 3535
2340 2342
3884 4392
6972 7248
1011 1030
1600 2026
3028 3439
4454 5201
2990 3445
9575 9669
3243 3792
3805 4146
5783 6375
6763 6918
8624 9390
7048 7447
942 1313
6636 7390
6224 6596
6008 6571
9122 9873
3471 4111
246 577
1912 2640
1008 1475
5551 6253
