n1
186 804
696 1138
567 866
8628 8655
2136 2607
9556 9909
6008 6046
6508 6737
2357 3115
5566 5971
3389 4179
2546 3035
9525 9603
3556 3622
5998 6407
4782 5525
8645 8753
6131 6399
3159 3367
9595 9729
8613 9125
1110 1782
155 232
3117 3517
3346 3851
416 805
5156 5450
3589 4000
4714 5501
35 237
4905 5244
7817 8235
2725 2987
4479 4702
3625 4047
6084 6427
1364 1864
8933 9185
5258 5489
7479 7666
6277 6683
7576 8124
3145 3382
6490 7160
3622 4164
19 392
3951 4527
5038 5812
6193 6841
8448 8713
7158 7219
6195 6512
6396 6710
7225 7242
1866 2563
3759 4533
287 1057
2965 3651
1596 1892
3737 4268
1069 1458
6368 7087
6797 7357
7472 7508
1713 2436
8868 9125
9041 9724
1461 2035
2314 2870
5745 5834
9049 9813
2498 3251
7013 7659
4775 5304
7337 8128
7815 8183
9463 9661
3725 4510
5865 6404
7645 7856
7442 7827
4879 5438
8541 8868
2590 2674
8909 9631
5343 5727
8470 8484
3179 3692
8819 8938
7774 8446
2528 2743
9628 9811
5904 6227
7910 8461
7912 8406
159 192
8321 8555
1766 1903
2140 2503
7294 7582
4234 4355
9070 9598
4663 5288
1847 1850
4857 5330
8149 8710
7762 7950
5453 6055
2252 3003
8964 9271
8690 8720
4061 4544
169 866
7340 7778
5443 5754
3017 3125
6168 6775
7653 7662
9485 9664
1792 2560
2811 2951
9407 9559
1783 2539
2897 3337
8812 8909
7849 8479
5908 6010
8819 9530
5095 5846
1407 1489
2458 3248
1516 2154
7149 7781
7988 8445
6085 6183
69 686
7063 7821
7336 7509
1315 1351
8689 9008
9058 9167
3403 3582
5837 6476
8403 8980
20 239
6157 6434
6907 7568
6156 6505
6527 7302
9298 9819
3887 4018
5543 6013
1931 1950
9156 9199
1919 2149
3896 4353
157 745
3628 4319
9230 9769
977 1094
6776 7380
8291 8893
1703 2439
612 787
6167 6549
3165 3400
5353 5438
8633 9317
3631 3790
8003 8658
2584 3319
6610 6782
4316 4968
5637 5984
6336 6933
5331 6006
2758 3046
2720 3073
7419 7647
6794 6810
6426 6930
718 915
4400 4575
1165 1588
1916 2067
621 1009
8819 9002
2478 2619
1425 1608
9290 9621
3879 4667
6590 6807
7893 8064
1466 2086
3951 4303
1397 2095
8132 8344
2766 3261
5009 5799
4317 4513
4553 5171
9005 9732
6692 7095
91 694
3425 3988
2841 3518
3438 3508
8536 8600
6024 6328
122 598
9024 9511
3896 4555
510 1043
1618 2404
2072 2527
3536 4111
7624 7816
13 772
4936 4970
7511 8296
7491 7555
6124 6448
5434 5659
6003 6300
5691 6242
3971 4195
2075 2574
5719 5918
264 422
7368 7954
4713 5114
326 826
3664 3988
7928 8197
531 893
7764 8342
2610 3127
9427 9582
759 768
1491 1942
7214 7922
6583 6598
4571 5175
8446 8477
6068 6097
8838 9559
4374 4490
6033 6487
940 1422
3488 4189
6123 6148
3884 4313
5790 5927
2367 2394
5735 5898
7073 7458
6831 7189
7323 8016
9374 9772
3207 3738
7139 7163
1631 1778
9294 9300
7329 7680
1725 2465
5220 5510
4814 4901
7625 8121
7227 7792
142 716
3096 3615
2800 2896
96 354
8136 8411
6551 7130
8523 8611
2909 2925
3011 3583
3043 3727
7734 8282
8013 8120
6169 6851
8703 9483
163 360
4320 4817
7395 7756
9592 9800
7926 8051
8443 8632
6900 6942
2391 3175
3663 3874
8546 8956
8218 8366
7190 7295
749 869
446 806
8197 8224
9719 9939
5414 5715
6175 6383
8402 9195
1685 1798
2152 2742
5805 6078
6626 6715
105 176
8290 8577
6039 6793
4839 5374
2540 3224
2490 2557
1236 1713
7677 8380
8459 9130
6832 6883
7794 8146
4882 5608
8615 8984
4032 4824
5385 5922
7685 7968
399 484
4190 4526
2646 2897
8600 8801
5732 5854
2695 2737
1287 1490
5911 6668
1718 2196
9525 9718
777 1412
5785 6373
1799 2046
5993 6760
3313 3393
8757 9286
8019 8432
510 943
254 500
2063 2297
8296 8828
76 797
4507 4750
2470 2966
1017 1265
5923 6126
5957 5982
8463 8972
6693 6960
556 732
3475 3724
8326 8914
3446 4007
4099 4651
4840 5262
8481 8598
6426 6657
1529 1798
4971 5371
839 1470
8797 9337
4919 5108
2566 3209
8716 8768
2352 2906
5844 5920
9051 9806
1284 1724
928 1554
3666 3972
4527 4804
1269 1760
8235 8302
8246 8311
5109 5157
3017 3735
5986 6186
1209 1422
3680 4214
5024 5344
8069 8190
4532 4839
4220 4780
7643 8224
4356 4870
4312 4780
1587 1728
1966 2371
6677 7375
2176 2312
1628 2087
5435 6165
2136 2785
8237 8793
6600 7316
5005 5369
8976 9359
6584 7013
7447 8145
8899 8919
5719 6198
1575 1681
6082 6216
1808 2195
7569 7942
3931 4426
7380 7893
1203 1291
6689 6773
3563 3955
4708 4752
4756 5056
4150 4859
6423 6520
6176 6545
9293 9928
8699 9340
7390 8117
3878 4116
800 1285
1542 2169
900 979
536 662
9092 9682
8643 9043
8519 9239
8314 9028
1420 2153
582 848
6968 7688
9531 9928
158 892
5793 6096
2217 2850
6832 7229
3593 4263
9461 9974
2881 3077
7934 8491
1127 1683
2845 3603
9054 9543
4466 5086
8853 9394
7530 8006
8546 9063
7321 7835
2713 3430
3739 3939
4436 5164
1347 1892
3281 3970
3367 3569
1877 2190
8902 9219
7429 8011
6069 6836
5723 5843
783 1541
5660 6350
229 991
5715 6008
842 1568
5089 5717
9403 9707
4715 4749
3982 4442
2694 2917
2282 2432
3224 3579
6255 6289
9262 9430
3369 3462
3480 3880
4918 5508
5066 5133
8983 9575
7747 7882
7868 8467
974 1418
3615 4032
90 148
8068 8176
2755 3426
4747 5107
3845 3892
8005 8665
2272 2428
9048 9474
2501 2633
1526 1990
6092 6821
82 404
9311 9865
5893 6616
7852 8583
7670 7916
4984 5503
2457 2630
7981 8224
9110 9838
5409 5946
3212 3346
4936 5347
5125 5670
9829 9896
3511 4254
3022 3319
4833 5267
1362 1835
6627 6970
3207 3434
4291 4723
3814 4452
5939 6325
1418 1815
7494 7822
2837 3081
592 1002
6630 6667
2055 2110
3288 3724
6878 7297
1578 2055
8407 8975
7057 7277
5464 5877
1192 1498
4496 4938
387 876
1380 1661
3580 3795
1880 2543
6802 7559
7619 8105
1023 1237
2918 3454
3842 4460
395 1088
498 519
3395 4020
3201 3823
473 598
7451 7760
7988 8734
7956 8434
6720 6804
628 1394
7780 7950
5347 5464
5402 5581
889 1045
7966 8563
9669 9912
9192 9903
2036 2435
7364 7670
9473 9474
2423 2604
3047 3368
3742 3748
1586 1664
349 960
3458 4051
4260 4550
7936 8427
5751 6309
5695 5749
5993 6110
1689 2266
1934 2107
3212 3563
8888 9596
2145 2579
725 1254
8039 8280
7414 8093
4465 5097
1043 1203
5133 5711
1235 1981
5750 6317
762 1419
5698 6000
3026 3040
5247 5928
5754 6504
354 777
3057 3164
2633 3371
1028 1483
6707 7305
5441 5778
4807 5061
3534 3778
7600 7976
6114 6516
350 1047
5469 5878
6994 7660
3938 4624
6704 6909
7556 8003
4358 4567
438 613
5096 5228
1093 1626
2658 2951
4963 5198
6748 6805
9646 9651
8353 8963
8978 9341
8247 8292
5674 5837
586 707
5323 5330
3901 4040
6286 6537
8886 9613
2093 2456
9314 9947
370 777
1928 2343
9450 9689
7112 7714
2930 3312
5431 6198
4632 4974
2372 2400
4314 4926
2846 2935
3880 4236
427 1214
5192 5207
4371 4589
5180 5568
4950 5031
4684 5428
8244 8482
2876 2989
4240 4935
3092 3550
9304 9691
3311 3534
3939 4557
4869 4870
9397 9444
9403 9723
9290 9382
8908 9561
3199 3366
9658 9967
5624 6073
7669 8288
9204 9539
6008 6167
5571 5612
4849 5502
9690 9901
4190 4314
6539 7207
1398 1542
9127 9770
723 1111
9332 9896
389 930
885 1645
7373 8142
1480 1529
6590 6613
946 1546
3532 4007
4942 4993
1866 2188
11 317
3365 3943
1350 1507
8366 8999
4664 4873
4354 5058
1069 1785
4055 4685
3809 4136
4696 4726
6499 6733
4772 5454
4700 5386
3463 4057
8126 8632
379 453
630 739
7426 8119
4684 4697
5842 6115
6847 7463
3549 3777
9719 9879
4957 5528
3663 4238
2070 2485
3588 3999
8398 8665
1894 1926
9656 9661
9057 9785
2122 2859
6307 6988
4945 5270
9012 9339
7162 7252
8768 9457
3453 3455
6376 6870
3900 4171
5607 6190
2066 2857
5327 6065
9014 9661
7976 8061
4753 5333
5906 6634
2157 2843
476 519
6843 7149
2287 2734
6922 7270
9393 9474
1805 1857
2058 2453
7125 7894
8087 8493
4865 5161
2010 2314
408 571
1675 2149
277 507
1063 1299
3155 3210
352 1059
4797 5254
2155 2362
8145 8832
8232 8280
1018 1275
478 1118
8108 8740
1915 2324
6362 6601
1130 1857
7544 8039
7595 8208
5722 6265
8867 9116
6282 6340
6846 6929
2734 3130
1532 1985
4468 4713
8435 8822
5818 5971
4447 4951
9082 9293
4482 5195
4952 5425
5591 6100
1340 1767
2663 3130
4368 4508
4612 4865
5956 6190
7392 7728
6958 7690
4509 4599
5345 5777
7390 7689
2835 3289
2284 2819
9354 9535
4722 5057
4152 4543
8986 9527
2425 2984
8899 9656
3475 3612
8700 9489
9209 9399
7296 7910
6719 7385
7687 8060
5300 6054
3748 4143
33 776
7660 7984
4560 5288
40 489
4303 4971
2290 3075
8060 8292
6302 6877
7455 8247
8139 8922
8727 8912
9127 9218
6500 7105
1675 2007
3209 3695
7872 7977
7116 7784
9583 9803
1201 1428
2043 2121
3529 4033
5296 5754
527 809
2408 3201
7870 8162
5539 5548
7117 7238
5982 6418
244 380
4435 4784
9417 9840
6472 7060
1367 2159
2197 2739
6708 6732
1529 2110
3988 4276
5514 5917
7334 7931
5620 5984
9509 9752
989 1137
6784 7480
8999 9398
6387 7126
7938 8118
208 457
8549 9213
6078 6874
5902 6209
3808 4159
2312 3083
6516 7076
8972 9098
4881 5632
8129 8400
2238 2606
6260 6685
7207 7750
9210 9332
3656 3854
6863 6972
5953 6284
2640 3165
2735 3047
4377 4420
7039 7647
3415 3777
9306 9756
1766 2381
3340 3503
3700 3974
7325 7604
2212 2466
7794 8122
8041 8237
9290 9644
8042 8795
4814 5546
5927 6139
9352 9954
8094 8364
2186 2506
109 453
3193 3451
862 885
8352 8508
3791 3910
7407 7801
1445 1544
7998 8745
142 149
3432 3810
4465 4968
3022 3303
5878 5896
9697 9827
986 1679
7080 7471
1371 2169
7986 8222
7536 8001
1532 1737
7032 7752
4664 5173
9065 9195
7281 8067
4 539
8333 8664
904 1692
121 501
3741 4139
2245 2376
9104 9189
4383 5071
4 157
2437 2631
470 878
2415 2873
293 577
3224 3715
292 800
8359 8888
7576 8261
3018 3433
2016 2695
5830 5920
2144 2180
8059 8099
8073 8664
1118 1560
407 1088
7747 8427
5959 6166
8062 8088
8536 8545
6985 7390
3623 4099
7234 7613
4876 5269
9123 9646
1921 2123
7768 7981
9409 9800
8490 9084
6331 6464
6111 6314
2489 3047
9345 9416
2654 2758
5578 5718
6346 6669
4612 5337
7808 8339
6302 6675
4447 4520
3741 3920
6514 6982
7592 7801
8613 8614
605 629
9644 9844
7843 8617
5900 6491
2148 2300
3071 3477
8428 9137
9595 9715
2172 2755
278 299
8263 8783
9808 9897
5175 5564
9051 9678
2995 3539
8688 9327
8086 8369
5928 6100
171 191
4395 4882
404 1142
4761 5430
9633 9649
6769 7365
5482 5790
198 236
10 66
984 1540
2589 2889
2257 2471
5470 5839
200 820
9156 9564
2098 2558
1768 1840
6139 6646
3918 4461
9842 9874
2601 2686
2205 2963
1201 1241
5832 6253
2649 3046
7577 8160
1679 2454
5341 5892
8453 8914
8728 9399
7152 7357
410 804
4971 5615
5180 5443
5146 5390
1246 1949
1405 2124
4508 4743
107 224
7625 8207
1101 1312
3368 3844
2609 2904
1354 1503
9008 9660
5326 5886
8361 8786
2568 2825
4469 4820
2771 3096
6623 7164
2838 3257
7517 7598
5508 5615
6007 6295
4739 5222
3763 4357
1877 1956
9324 9681
4827 5536
6759 6986
7212 7358
916 1037
4506 5212
3016 3422
7179 7941
3711 4295
6790 7039
3140 3860
2576 3324
4881 5475
8298 8680
889 987
7703 8186
7994 8671
8354 8728
4483 5092
4359 4766
2043 2821
1988 2076
3054 3564
5801 6399
2591 3048
7357 7960
5954 6183
2858 3214
6069 6504
4298 5071
323 464
9317 9531
349 813
5121 5766
8907 9265
8534 9117
7750 8020
9536 9995
9389 9468
5041 5572
5393 5444
7678 8299
34 482
3731 4420
535 941
3481 3736
7636 7784
8873 9266
2781 2919
3301 3787
210 285
5085 5541
5074 5248
5599 6399
249 494
2242 2657
9256 9368
5822 6543
1849 2224
1997 2013
9291 9467
7859 7967
3709 4379
6533 6716
817 1210
1331 1856
1731 1761
6752 7204
9011 9161
7004 7571
412 1050
876 967
6426 6517
5739 6072
8653 8757
4915 4953
4138 4681
2809 3308
834 1171
2445 2994
3944 4585
637 1070
4164 4439
1720 2165
184 377
9087 9799
2607 2979
4288 4595
2344 2596
3855 4545
4061 4383
4993 5346
7180 7261
6819 7136
8433 9162
8924 9337
4754 4953
6954 7614
5816 6117
2498 2791
2163 2579
780 1183
7620 7684
8833 9408
1504 1840
2191 2197
662 1011
762 1170
709 1015
8310 8832
8312 8400
1345 1549
1827 2361
5165 5808
4282 4940
6006 6461
4402 4489
4454 4970
6137 6830
5015 5781
7988 8559
1250 1368
906 1630
3686 4196
1736 1818
9555 9609
8342 8368
8690 9111
2328 2381
8720 9481
3939 3981
5926 6043
5376 5586
3469 3577
6565 6912
3659 3830
2995 3134
1782 2109
1895 2271
5583 5789
2329 2648
2576 3169
1644 1904
7057 7729
6806 7140
5501 5636
6847 7343
6474 7087
7211 7465
5038 5163
4664 5224
1426 1808
6861 7047
9200 9942
4908 5327
7213 8006
2466 2482
2282 2484
1119 1266
9702 9886
7218 7619
8860 9626
8950 9166
252 341
374 922
5395 5495
7742 8203
8549 8558
1414 2154
283 894
3374 3532
1269 1406
2463 2674
4534 5107
308 797
2519 2905
4748 5004
5694 6142
3525 4117
5449 5955
5578 5769
5240 5906
7959 8511
5313 5461
8741 9199
3070 3252
4012 4362
2555 2931
1416 2082
8257 8469
6670 6775
4602 5357
1858 2444
4671 4805
8794 9291
7459 8151
3684 3773
317 859
1186 1385
2858 3566
756 1294
7412 7974
6477 6932
9440 9574
1026 1329
7938 8048
5520 5815
1397 1930
5751 6038
4696 5105
5 186
5953 6155
8259 8963
9555 9899
4962 5416
6718 6893
1808 1845
9467 9842
112 405
7648 8339
4094 4510
7774 8563
3648 4319
2701 3413
3794 4395
9689 9946
2591 3047
7321 7754
3310 3718
4284 4891
4160 4833
8921 9089
570 978
6262 6428
6322 6654
4636 4943
4264 4588
9529 9958
3413 3752
7727 8164
7805 8523
2536 2999
9091 9679
2931 3042
6047 6341
9268 9615
1511 2268
2026 2527
8030 8549
7397 7617
2896 2966
3635 3712
2835 3233
2440 2886
4377 4618
5099 5660
4572 4728
6995 7474
3489 3576
5760 6128
1318 1493
1577 1977
6354 6688
9231 9348
7876 8042
6597 7265
9072 9683
4994 5699
4981 5538
6239 6332
6162 6371
5270 5442
474 1264
1923 2010
7996 8218
7188 7557
3389 3990
4195 4513
7319 7442
7604 8027
1271 1532
5919 6583
9596 9666
5814 6138
7693 8042
4846 4882
6701 6844
3021 3797
1349 1690
6177 6957
628 1415
3461 3504
1300 1501
143 421
3759 4165
2721 3037
2417 3098
570 584
9725 9987
5651 5860
5366 5507
8348 9106
4819 4851
1554 1608
9517 9903
3365 3388
7436 7650
4740 4915
3384 3720
7901 7947
4514 5028
1815 1868
1638 2196
4673 5044
2138 2718
5083 5837
6995 7147
4746 4821
5288 5292
5177 5498
4444 4607
8021 8064
7946 8666
7087 7519
2598 2670
3799 4577
2323 2842
766 986
7812 8507
6979 7119
8614 8735
7124 7697
8737 9280
5725 6162
2428 2600
7720 8469
6720 6935
1723 2459
124 661
3366 3949
3561 3696
2316 3106
1833 2465
3337 4128
9620 9828
1000 1580
9374 9436
338 867
9787 9902
4603 4956
8641 9294
2532 3155
9237 9749
9349 9664
8819 9209
7192 7461
8008 8750
3112 3615
1078 1306
9212 9757
9318 9573
5658 6146
9204 9252
3364 4002
8120 8780
5441 6193
1604 1626
9083 9644
7805 8282
708 1210
2648 3254
154 618
2622 3296
3992 4499
1531 2191
3684 4399
209 524
935 1597
5916 6599
7955 8040
1002 1537
8008 8407
5494 5582
8822 8981
1821 2468
3535 3887
2781 3037
9195 9664
5031 5403
2029 2065
8902 9629
9041 9055
1783 2554
2102 2485
6124 6250
4141 4636
1165 1467
8820 9322
5078 5878
6630 6806
49 778
7360 7663
2064 2787
4587 5250
3969 4428
2691 3221
7157 7341
3761 4148
1203 1336
8574 8641
7170 7327
8590 9324
1542 2337
161 301
7095 7738
6388 6719
5468 6161
4049 4338
3432 4174
6842 7426
5574 6268
1139 1187
3727 4234
1026 1461
8430 8557
5919 6465
3055 3174
4025 4189
5507 5932
3485 4059
2372 2522
6918 7615
9445 9942
9677 9986
7214 7971
2558 3017
2112 2537
8547 8591
12 286
3531 3719
2742 3047
6863 7576
75 600
9910 9988
2265 2505
5981 6283
5994 6331
7184 7907
7137 7700
1470 2000
6921 7243
6566 7294
2891 3691
324 1009
4796 5271
4316 4551
5321 6075
9589 9631
2149 2684
1072 1221
4810 5089
7801 8427
5427 6107
2840 2897
3792 3797
6918 7427
9342 9738
8632 9144
9780 9885
3630 3902
154 380
5072 5170
5962 6148
844 1451
4817 4983
140 291
3487 4131
6632 6957
751 954
3798 4507
356 565
3986 4515
2899 2901
2648 3022
3758 4362
9507 9941
8687 9058
6012 6315
1499 1529
4939 5452
9308 9979
6151 6228
7340 7567
4269 4856
2161 2359
6744 6955
467 968
1521 1897
8745 9420
4907 5400
3697 3749
9802 9850
5692 5783
9806 9900
2699 2767
4071 4133
5654 5750
416 720
9263 9674
8359 9119
8559 9205
4438 5172
6226 6929
8663 8753
5777 6075
6234 7001
8912 9013
3627 4181
5845 5975
6272 6752
453 1145
5944 6115
2095 2733
1772 1873
9469 9971
7458 8068
2596 3096
907 1300
4733 4894
8441 8910
6491 6969
4952 5442
4325 4642
7844 8079
348 830
8531 8551
2063 2638
5263 5747
7623 7751
6648 7113
7450 7545
7289 7567
2722 3229
6794 6919
4876 5540
8430 8604
6068 6620
4121 4823
4258 4437
4764 5361
9370 9736
6895 7475
1759 1824
8878 9573
8109 8608
7053 7807
7871 8202
1883 2279
1418 2171
2195 2353
7281 7313
3846 4412
6655 6788
1919 2575
7013 7212
7320 7386
2243 2699
5698 6339
1774 2112
291 887
8282 8626
1215 1992
1306 1934
1918 2429
3674 4296
8590 8702
295 1092
599 879
6387 7151
8368 8716
4625 5115
2801 3497
1594 1684
7879 7977
7932 8169
6762 7056
7408 7961
8488 9279
5167 5168
8561 8719
8856 9061
6087 6420
6440 6696
9192 9285
4551 4671
2487 2567
174 528
1829 2097
6856 7434
2045 2601
3880 4521
9468 9797
1940 2548
7585 7715
2678 3036
3666 4279
427 812
8905 9096
3862 4498
8607 8974
1841 2587
1723 1975
2498 2881
6172 6220
8351 9091
1287 2074
4247 4948
5376 5648
7156 7753
1435 2172
4275 4702
7354 7741
8055 8766
5318 5594
4884 5546
5651 6442
7696 7843
5618 5990
6347 7090
9268 9406
684 1396
727 770
7921 7941
4493 5242
8017 8596
3685 3773
3361 3409
8011 8511
6959 7336
803 1298
5648 6096
7440 8175
3077 3769
7198 7246
8958 9644
131 879
9440 9635
9137 9647
422 572
9354 9916
6762 7051
4121 4509
864 883
2515 2645
1150 1747
5376 6021
3383 3935
3075 3087
6488 6827
2332 2776
842 1458
9532 9888
8482 8919
658 1446
5880 6129
9072 9077
8 133
2788 3332
78 503
8035 8815
2562 3087
8387 8687
6341 6724
305 881
8468 8567
9467 9704
6183 6188
6556 7061
4288 4434
9664 9725
8488 8750
5642 6425
7140 7381
827 1446
9752 9762
2986 3646
9066 9420
9348 9828
5313 5454
2195 2935
8839 8844
5042 5122
2951 3487
8809 9388
64 663
1202 1912
2506 3159
1855 2200
582 993
7095 7318
6417 6896
6578 7059
1848 2245
8789 9228
1537 2314
4623 4802
6379 6925
2846 3062
9083 9513
2248 2979
1588 2354
8973 9203
1366 1464
2466 3118
2894 3061
4330 4639
7440 8153
4923 5493
3238 3259
7365 7718
9527 9660
2900 3693
7431 7785
4769 4994
8608 9000
7294 8092
8677 9054
8773 8903
7747 7810
3116 3718
7141 7841
5521 5915
4509 4883
926 1268
7780 8517
8082 8873
7964 8048
2489 2896
1403 1686
7612 8266
178 286
5990 6497
8452 8778
5665 6403
3887 4065
3027 3793
534 593
6453 7007
5237 5954
5584 5863
9589 9950
1671 1999
7616 8133
5648 6217
1494 1634
1835 1878
3010 3779
252 520
8866 9125
6649 7069
9346 9546
4994 5341
1424 1793
6916 7436
2639 2679
3015 3156
2975 3197
9190 9508
3658 4031
3168 3301
9321 9714
2834 3549
2289 2872
1031 1503
2688 3488
3393 3772
7791 8047
8843 9378
5612 6155
7386 7400
2320 2332
8440 9113
7570 8067
5084 5830
1484 1548
8477 8665
4376 4788
8947 9034
615 1381
2348 2480
5402 5949
1217 1710
5095 5867
4354 4987
4225 4735
7504 8121
4454 4569
4634 4638
992 1048
5543 6226
1461 1954
7552 8178
7402 7838
5754 6508
9854 9856
8868 9401
7923 8042
1712 2295
1265 1706
74 834
9810 9814
5594 5927
9405 9883
4337 4936
3038 3809
6530 6786
8668 9174
6927 7192
6115 6809
758 1502
2016 2324
5281 6029
2211 2711
6700 6705
9020 9682
6552 6943
5349 5573
4323 4780
868 897
7486 7908
9275 9753
3306 3921
4856 5062
2949 3247
7107 7299
1817 2156
392 640
4284 4975
971 1174
8394 8990
8185 8542
441 459
459 807
8544 8934
2404 2856
8586 8849
7912 7976
6392 6551
1652 1917
7987 8517
7316 7988
6862 7280
1254 1434
5965 5999
2052 2692
3610 3851
3865 4057
2688 2745
3924 3954
6089 6539
78 574
7670 8063
8290 8660
8500 8623
7507 7972
3911 4191
1031 1390
8856 9134
5092 5103
3908 4510
8052 8503
3794 4337
4917 5131
1086 1820
579 1230
8441 8675
5723 5936
1578 1890
2183 2707
5148 5607
3279 3973
2345 2923
714 1449
73 851
9671 9846
6467 6890
439 967
1747 2512
4553 4926
8638 9303
7774 8273
8909 8959
5191 5986
5396 6146
9756 9975
9114 9770
3889 4655
997 1657
157 555
9646 9690
8049 8821
7864 8265
1638 1894
7553 7984
6450 6969
7029 7377
6989 7642
9656 9770
5681 5780
5971 6693
281 557
258 902
9087 9696
347 1021
9602 9658
6964 7699
5583 6378
2705 3315
4215 4878
388 1063
3569 3776
7607 8075
5875 6016
2691 3393
9184 9514
3702 3768
7304 7448
3044 3293
858 894
493 507
7064 7273
4853 5401
7229 7428
1202 1792
2507 2571
7055 7305
1222 1855
3456 3840
3765 4225
8433 8526
7166 7638
5562 6236
8692 9044
8948 9309
607 659
791 1104
5605 6218
467 808
4742 5418
7129 7418
9218 9455
3598 3733
3377 4098
1062 1742
9480 9920
4708 4782
4432 4884
8081 8472
3856 4042
138 399
2396 2398
1089 1729
2235 2793
2024 2363
3203 3530
7347 7980
2549 2954
7212 7317
2407 2694
6108 6470
2809 3530
7456 8009
508 1179
8962 9039
8273 8485
5681 5865
1105 1465
5693 5969
5161 5639
7785 8476
187 943
9788 9835
3024 3427
251 778
9751 9858
6349 6854
3465 4192
8849 9474
5662 6130
2709 2960
8750 9430
6579 6944
8424 8655
3200 3819
9320 9889
9059 9705
4417 4801
1535 2108
5359 5580
2502 2865
4337 4915
9280 9742
2481 2575
7407 8168
8532 8741
8315 8802
9381 9907
5945 6273
9085 9153
6002 6111
8044 8235
2308 2990
7225 7848
8291 8532
5653 6283
3490 3699
5764 5898
1559 1997
7168 7687
1897 2008
940 1242
11 792
433 863
1963 2275
2041 2712
9470 9630
497 962
4439 4472
3850 4021
4568 5002
4656 5395
5152 5773
5022 5135
9760 9965
2466 2779
6929 7349
78 485
2852 3139
9347 9881
3130 3161
3218 3842
4974 5135
6492 6646
2844 3537
8076 8551
5275 5575
7632 7791
4197 4327
3154 3762
4988 5129
882 1324
8837 9255
3696 3866
5478 6083
817 1556
64 479
9182 9944
2881 3317
398 1109
902 1502
6746 7378
552 1187
471 674
7160 7265
9497 9927
1656 1884
6276 7028
9373 9602
2535 3222
1575 2289
6600 6831
5260 5747
4240 4933
8694 9105
6941 7644
3324 3593
3867 4545
5827 5829
9095 9473
5376 5696
1449 1984
2673 2849
8867 8920
6941 7305
5490 5907
4555 4769
5868 6337
2299 2783
9202 9965
3758 3978
9261 9618
9543 9819
1450 1754
8132 8567
1046 1682
1623 1632
5234 5771
479 1147
7773 8345
145 460
5897 6513
32 520
1882 2560
3831 3977
6383 6536
6690 7066
9544 9565
6138 6306
4670 5369
8019 8501
9405 9544
7546 7717
713 1458
143 705
7530 8186
2435 3059
1291 1610
4005 4244
8834 9193
6064 6303
8909 9242
9806 9961
3329 4067
7248 8026
4615 4645
7509 7922
64 136
1086 1687
6631 7113
6488 7110
9139 9661
7299 7849
6250 6251
4900 5587
2487 2610
3280 3547
4200 4523
1996 2061
3795 4020
5452 5638
4981 5050
4680 4810
3482 3931
5789 5962
3080 3827
1708 2128
5754 6433
79 835
5691 5786
1440 1838
8728 9241
2921 3099
4482 4516
289 1087
190 404
1587 1696
9526 9948
5015 5187
2346 2486
7381 7922
2542 2902
5268 5737
5928 6390
4115 4281
9709 9884
3609 3667
3085 3794
2701 3045
8218 8295
9779 9882
3198 3866
6993 7518
2698 3187
1997 2518
9112 9883
4828 5600
4557 4562
3740 4146
5050 5172
475 864
1306 2001
6449 7048
2412 2662
3441 3551
7187 7771
2329 2404
4848 5185
5109 5594
3449 3480
2636 2850
7598 8310
4664 5181
8390 8851
673 885
5108 5778
5501 5722
5085 5668
5816 6364
4907 5284
6375 6998
9515 9536
4120 4743
3061 3453
6624 7394
373 501
3867 4106
2399 3029
8859 9233
8529 9026
1975 2211
4590 5210
8072 8412
8818 9450
1633 2411
5001 5620
6263 6542
869 1378
1515 2192
232 801
6553 6588
1389 1693
1065 1490
8516 8584
7519 7685
2163 2917
8257 8393
3786 3833
3598 4372
8897 8976
4264 4917
8289 8676
7254 7856
2564 3072
758 1153
9444 9544
8095 8412
9470 9632
5156 5498
4471 4602
6010 6206
8469 9045
4638 5221
8452 8921
4839 5480
1859 1880
3891 4360
616 1183
3067 3680
8147 8297
9030 9225
6941 7168
64 442
7937 8051
1249 1833
7445 8086
1228 1926
6121 6872
5489 5901
5022 5511
2874 3650
5987 6274
8159 8762
5370 5537
8822 8966
4082 4089
2828 3384
5807 6077
1241 1455
6619 6644
5802 6357
8530 8916
5519 5669
5191 5950
5826 6132
6451 7036
7541 7731
3690 4294
3222 3272
2020 2363
7872 8553
7688 7786
6668 6800
1269 2008
4217 4682
1150 1374
2313 3066
7756 8095
6063 6486
734 1349
6384 6672
7309 7392
2838 3535
55 294
69 773
87 315
5759 6542
7804 7982
9409 9847
9373 9494
3253 4000
2200 2798
3960 4358
6341 7112
6823 6903
9122 9721
6663 6748
2811 3410
8368 8656
6979 7335
138 317
2215 2510
2675 2733
5174 5358
7957 8060
5018 5500
9397 9546
6744 6935
8746 9392
9014 9278
9027 9704
8654 8971
5885 6631
8156 8924
7710 8237
815 1496
975 1702
3171 3887
79 329
7487 8174
7698 8209
6629 6849
7789 7878
1197 1900
7858 8513
6370 6587
3864 4567
3097 3332
9407 9838
6486 7266
3147 3377
5120 5147
350 774
5619 6231
4137 4246
3917 4589
6173 6773
6570 7170
342 629
5665 5998
8965 9374
3010 3070
6905 7049
2447 2816
8454 8855
7990 8068
2683 2824
3074 3372
3296 3369
5961 6427
9019 9680
4798 5529
2217 2603
6443 7123
5175 5454
5321 5884
1345 2032
7233 7938
4735 4805
3577 3850
7490 7998
3827 4468
4223 4497
3918 4346
5473 6257
4452 4840
1548 2337
9257 9420
7125 7198
3932 4192
7195 7800
8189 8525
3063 3421
6803 7564
6822 7038
9123 9565
3300 4069
322 584
9316 9466
3381 4161
5808 6073
5144 5331
422 458
9220 9732
3105 3623
6972 7539
347 1024
7035 7209
3683 3942
3040 3546
641 1437
1688 1747
3833 4362
6643 6885
8756 8767
865 955
6338 7062
1270 1511
4540 5162
2449 2734
4539 4989
7779 7828
6820 7466
7324 7788
5565 5957
7869 8120
7442 7892
6632 6920
5031 5102
637 823
7395 7990
9455 9900
9476 9948
1668 1900
9503 9906
8582 8677
1815 2396
5674 6108
4531 4737
1290 1793
5846 6332
4224 4292
7482 8091
5191 5652
4591 4953
5083 5737
3702 3749
7374 7937
7691 8295
9680 9903
8860 9031
1980 2255
812 1552
6261 6771
6090 6590
2659 3072
2961 3390
6891 7144
6409 6755
5974 6122
5490 5602
3942 4015
1736 1769
7128 7802
2136 2450
3295 3438
3126 3717
5379 5527
2566 3197
221 299
7716 7755
1124 1422
9283 9549
2698 3257
2167 2830
3119 3722
8831 9343
8004 8129
8701 8917
9245 9884
9744 9809
1552 1746
8939 9605
8941 9281
2359 3122
369 701
917 1147
8779 8856
9674 9734
7978 8665
3273 3429
4322 4611
8547 8726
1703 2291
9221 9661
2480 2835
6765 7154
3422 3886
9335 9712
5804 5857
6330 6639
3513 3866
123 853
4205 4620
3039 3443
14 201
1370 1530
7547 8081
2557 2664
1487 1754
5242 5411
3403 3742
5493 5989
8687 8704
7375 8093
2568 3194
1555 2144
3101 3627
6483 6526
4758 5398
1120 1418
9109 9470
2440 3154
5263 5950
2654 3194
2979 3679
6050 6797
5475 6171
5344 5527
8585 9195
9225 9460
8105 8689
8677 8825
9086 9651
8790 9259
5578 6357
4916 5018
9261 9465
8893 9644
9532 9723
5996 6522
4572 4841
5385 5548
8518 9217
9456 9666
4388 4806
9575 9860
8493 9095
1652 1886
3587 3939
4049 4837
8157 8160
5863 6632
9205 9314
3833 4260
4157 4787
5419 6173
5525 5952
8050 8519
3140 3261
9517 9759
786 902
3284 3532
8380 9070
6686 6793
5941 6401
8174 8496
1162 1493
1304 1429
1156 1831
2140 2168
2403 2709
717 720
9853 9957
2746 3291
5656 6345
3978 4090
7569 7671
5664 5893
4595 4958
3143 3604
8193 8211
9326 9830
7612 8129
6765 6811
5518 6222
4380 5131
7532 7921
6538 6802
8950 9223
4216 4783
4887 4988
8358 8641
7674 7809
68 615
2414 2532
2988 3606
974 986
1382 1637
3379 3391
6388 6503
8053 8645
6626 6820
8431 8658
9288 9959
6847 7111
9775 9778
1129 1815
2326 2727
6862 6939
8626 9000
9142 9795
7633 8240
7731 7997
5313 5639
7729 8376
1431 1989
1063 1573
346 1038
9810 9880
1863 1977
6604 6878
9041 9532
3065 3780
6160 6579
4449 4639
986 1041
7423 7866
6745 7443
1734 2139
1476 1613
9053 9346
783 1331
5968 6642
3620 4176
4409 4701
8219 8305
550 900
6281 6353
7988 8213
7282 7849
8409 8890
9477 9959
7986 8588
1340 2022
3138 3938
6292 6625
4215 4474
2301 3086
4250 4309
6361 6517
349 775
9249 9718
4361 4530
3613 3651
148 610
5992 6645
4781 5107
6498 7110
4620 4965
3795 3873
1478 2226
5624 5797
2412 2675
9653 9667
534 1064
7140 7202
3516 3975
5339 5589
5537 5870
3528 4008
1981 2552
1713 2029
4030 4654
2141 2816
7129 7351
2872 3512
5586 6075
9579 9700
1692 1745
5638 5990
6649 6928
966 1692
9312 9713
8564 8785
9512 9534
6928 7459
105 800
9232 9557
3403 3422
2602 3301
286 836
8018 8423
2584 2788
3343 3638
2324 2332
9408 9961
7500 8042
7960 8065
4512 4860
32 723
8508 8677
1255 1773
134 820
5179 5301
550 1129
8434 8821
9291 9694
7057 7689
308 993
1159 1207
5084 5108
4223 4299
7565 7976
2760 3040
4124 4826
45 101
329 768
4407 5073
8979 9644
3648 4258
68 551
5329 6012
6092 6480
7460 7738
2291 3030
7506 8299
6673 7383
4656 4710
3744 3840
6873 7122
6528 7319
2419 2516
8496 8851
427 974
227 853
8549 9340
1210 1930
2297 2437
5705 5713
4493 4685
6558 6923
4409 4691
4634 4867
3931 4486
6581 7338
9736 9969
2668 3193
6241 6744
9360 9689
4090 4887
3094 3326
2441 2818
2079 2723
5019 5372
1855 2157
8420 8703
4720 5320
8874 9276
4900 5402
190 677
7627 8244
723 1088
8997 9117
4536 4921
1323 1439
6040 6672
2653 2953
7614 8118
9567 9805
4286 4780
4285 4928
1418 2218
3351 3634
5873 6552
5537 5876
6732 6851
1312 1590
7947 8285
6158 6648
6025 6382
5866 6240
8228 8961
4379 4866
3122 3397
4552 4777
5424 6168
1022 1073
8242 8938
7665 7727
4463 5177
1312 1956
2365 3033
7687 7748
9130 9160
3523 4186
7228 7711
296 881
1380 1525
1352 2029
5198 5631
60 608
3588 4014
2156 2232
3991 4642
2983 3555
7324 8001
7506 7540
9014 9610
7350 7900
9187 9755
2988 3424
6651 6877
8866 8883
3395 3808
6060 6396
4683 4984
273 1017
6335 6927
566 1030
2539 3335
5495 5961
56 662
5228 6016
4104 4120
5164 5185
6754 7062
1759 2013
9118 9847
8125 8651
7386 7758
2304 2904
3760 4012
9263 9691
4799 4858
7103 7313
6609 6888
8072 8740
9134 9643
8857 9541
9121 9378
9315 9966
433 582
2575 2616
3603 3976
9558 9793
2281 2930
9557 9605
7969 8227
7087 7206
3787 4305
3084 3603
5202 5395
6059 6187
289 297
8407 8887
5497 5953
7091 7454
1918 2198
4821 5599
3251 4019
196 202
3353 4027
5848 6261
6543 6554
153 819
4760 5094
6718 7241
80 288
1949 2354
3059 3375
8830 8999
235 688
7221 7997
5233 5647
3216 3897
1326 1361
2132 2244
3618 3655
2144 2746
1834 2417
6836 6938
6857 7442
6337 7125
676 1468
6094 6721
5695 6111
4795 4916
2412 2800
1093 1601
8036 8471
5428 5912
2028 2804
4822 5485
3777 4101
6386 6847
6691 6912
139 907
2459 2832
589 833
6130 6262
8117 8729
2658 3438
7786 8538
901 1657
6950 7410
5692 6177
4821 5620
2322 2904
9337 9493
8438 9031
7887 8524
7723 7849
286 484
9561 9849
5078 5504
862 1250
532 545
9064 9194
7021 7081
4310 4486
8448 9219
9108 9295
4730 5376
830 901
2317 2436
9653 9843
4554 4619
4151 4200
8679 8788
2975 3153
4512 4604
9504 9976
2057 2221
8853 8920
3831 4371
1253 1633
1236 1496
8559 8843
5530 6156
6457 6675
2661 3033
8668 8939
5743 5838
5130 5149
5449 5571
906 1618
9398 9800
1573 2277
3196 3811
161 563
1644 1988
1869 2268
491 613
3281 3880
5335 5450
2171 2582
8501 9191
8623 9186
5663 6406
2919 3241
5717 5917
2304 2384
252 264
436 1013
319 366
9205 9927
1851 2429
227 478
9158 9937
5139 5514
2911 3182
1381 1994
1206 1232
3436 3806
2497 3224
2857 3567
5614 5868
3615 3780
5956 6139
5148 5895
8746 8926
8781 9152
3234 3441
8716 9009
7219 7766
7197 7239
8002 8696
4428 4738
3771 4410
6636 7097
4808 4877
2987 3030
2727 3489
6875 7411
4250 4569
2176 2323
2918 3570
6006 6076
7325 8022
3295 3661
3492 4013
6584 7018
7535 7603
2199 2843
3860 4564
3772 3944
740 1232
3750 4061
3927 4014
6553 6593
3321 3462
7489 7672
5513 5968
8217 8898
2758 3002
6231 6288
319 1000
7746 8343
5138 5490
6458 7010
2464 2812
1080 1444
29 147
8286 8571
8504 9152
6802 6966
7704 8379
3645 4390
5280 5377
1577 1819
2614 2928
4626 4998
1920 2077
3295 4067
3031 3822
6314 7045
2939 3545
7946 8278
7028 7316
1789 2457
460 573
7778 7797
3099 3800
235 409
3831 4029
7018 7292
4585 5008
2873 3005
6915 7032
7378 7919
8486 8604
6229 6569
3424 4002
1363 1694
1305 1852
2163 2859
6804 6873
7349 7697
2231 2475
3982 4332
1086 1882
4255 4347
9560 9683
3846 4250
8703 8773
841 1401
5486 6128
309 1043
3676 3880
8510 9038
6105 6624
9586 9678
938 987
9418 9499
911 1067
7653 7661
7097 7223
3253 3472
8068 8543
5017 5022
1913 2510
7804 8320
1389 1654
2102 2143
1206 1520
2909 3390
3658 3686
2003 2083
9640 9719
9646 9877
6427 7008
9422 9957
1390 1921
4477 5040
625 893
3331 3925
6485 6717
4195 4213
1825 2113
2841 3018
526 707
7227 7886
6739 6779
4340 4767
7212 7558
5636 6053
5007 5101
9069 9839
2729 2809
6522 7089
6110 6741
8084 8406
1450 1967
6364 6968
8123 8717
4598 4798
5870 6034
1190 1587
3503 3786
1102 1708
4846 5368
4792 5079
5099 5834
653 1031
5821 6109
5401 5484
9519 9976
4214 4977
6942 7675
2182 2861
9668 9771
334 502
5526 6280
4571 4705
6068 6434
7813 8176
668 692
3297 3997
6108 6597
4006 4495
4623 5399
8124 8543
2146 2669
3243 3517
1621 1682
3497 3830
575 615
309 412
7729 7734
8569 9113
8171 8692
358 661
1792 2248
1480 1977
7373 7684
8110 8723
713 1412
7566 8088
7166 7649
5497 6059
1925 2104
2726 2758
1691 2332
4009 4746
1503 1850
7615 7821
9622 9904
7066 7514
82 585
4278 4457
9049 9625
9397 9899
4736 5342
1381 1554
1652 1800
2482 2718
1240 1352
3772 3791
3726 4005
8717 8847
6814 7165
5643 6144
5405 5679
4878 5409
3261 3957
3888 3930
6624 6902
720 929
3677 4131
8391 9081
5450 5643
6685 7231
4526 4732
4116 4518
1350 1457
2135 2702
4390 5002
4288 4587
134 348
9592 9599
4494 4539
1449 2230
2163 2403
7653 8320
8091 8638
3043 3542
7913 8365
7732 8014
2411 2518
4547 4839
2270 2939
2797 2906
1274 1463
3068 3571
412 1185
2476 3189
3388 3523
3628 4110
4150 4603
122 450
8431 8768
34 673
5601 6110
7202 7999
2617 3104
1802 2388
3429 4226
3471 3483
5060 5302
4491 4941
7044 7578
5364 5771
2010 2701
7477 8202
1399 1513
7576 8170
67 517
7155 7765
4016 4150
701 737
713 1201
6880 7008
2855 2897
3174 3344
4542 5191
4209 4627
3824 4142
5942 6408
8181 8703
5799 6147
6461 6660
6989 7236
7 786
6 225
5483 5711
1668 1809
931 1145
7321 7507
4011 4322
8006 8250
2886 3305
1541 1787
7770 8263
4391 4911
1009 1033
8230 8633
3658 4449
4717 5258
1628 1783
4710 4931
8974 9514
120 265
6075 6095
4750 5339
5424 5786
8058 8067
401 845
6020 6651
7483 7699
4018 4635
3379 3616
8343 8409
4163 4840
5424 5886
31 194
2774 3510
7195 7991
7571 8330
5484 5784
2118 2576
8042 8565
6828 6916
6407 7145
8493 8676
6174 6421
9593 9705
147 524
2636 2726
718 775
8893 9391
100 703
8256 8291
5313 5977
3896 4095
2251 2483
863 1015
9419 9795
8438 8574
5235 5976
9372 9520
8414 8935
4845 5013
596 1090
1239 1601
1709 2159
1706 2382
4163 4251
5780 6455
6348 6546
2074 2222
8842 9334
650 1182
5820 6217
1927 2386
4171 4751
877 1476
2041 2285
645 1137
9187 9901
5991 6689
2655 3203
1160 1838
1059 1586
5399 5598
8234 8446
6914 7396
5564 5877
1485 1785
7935 8144
4022 4128
5164 5386
8237 8508
9407 9887
5752 6429
5157 5160
5545 6040
3389 3616
3420 4093
7331 7966
1742 2340
6451 6774
3943 4315
7621 7665
995 1579
1860 2537
6730 7509
1444 1734
3341 3407
4351 4388
1803 2473
176 609
7478 8175
9138 9338
4772 5419
5739 6402
8494 8528
6865 7012
7166 7561
2400 3141
9186 9310
8090 8498
2660 2886
5494 6289
928 1579
7095 7731
9110 9272
2721 3175
3912 4063
8031 8298
2569 3260
5439 6111
7806 8446
3860 4356
1102 1572
2359 2939
6421 6593
2559 2860
7904 8370
9294 9758
4725 4901
4761 5005
3590 4365
67 92
8635 9046
6035 6674
8540 8907
9302 9490
4555 5228
7914 8207
4268 4434
8225 8448
7455 7457
9021 9282
2397 2631
5745 5980
5443 5539
8402 9155
4756 4779
7018 7387
3733 4104
6007 6529
2496 2697
9204 9609
3034 3543
8590 9333
2837 3546
9016 9029
7256 7483
1642 2175
2989 3088
6604 6943
6553 7267
1451 1475
4558 4957
6852 7097
8168 8842
1117 1529
4770 4933
9467 9970
8543 9089
4670 5359
8483 8830
8261 8488
4493 4993
8083 8148
8597 8814
3269 3708
6034 6199
1869 2227
5846 6054
8784 9447
8461 8471
9310 9805
2809 3429
4110 4571
5308 6002
6928 7355
6463 6678
5326 5963
7736 8278
8900 9290
7430 7792
2269 2616
8857 9067
7624 7651
1940 1961
1088 1693
5413 6204
319 995
6216 6690
3483 3581
3238 3344
9476 9741
1675 1785
4206 4709
405 638
7308 7941
4807 4954
3279 3431
9418 9855
8423 8569
3838 3982
1033 1604
5891 6590
5232 5570
481 514
257 681
5470 6260
853 1391
814 927
1754 2291
8286 8750
9557 9754
4292 4339
2233 2833
1340 1790
6815 7172
8713 9470
7225 7785
7145 7645
7000 7450
7883 8541
1050 1480
4353 4875
8433 8769
8760 9267
9114 9206
140 502
3081 3810
507 1038
4372 4941
7740 8356
8428 9115
9321 9972
7452 8191
7202 7231
4409 5078
1618 2363
6489 6946
3524 3701
6064 6669
8199 8259
8174 8820
7910 8423
3399 4134
1079 1121
8330 8711
1967 2356
7622 8200
5580 6092
3762 4471
4081 4165
7989 8633
6674 7023
8531 8938
3277 3747
3267 3976
7498 7632
3308 3848
357 927
7764 7832
1031 1226
9189 9514
4100 4538
8627 8798
4790 4816
658 704
7577 7975
5466 5538
7444 8145
6273 6792
5438 6138
3590 3739
3985 4173
437 1013
68 641
3660 4102
8787 9389
8566 8684
3670 3700
4812 5228
3504 3528
1386 1928
674 713
8011 8473
2912 3642
5806 6533
8531 9102
6817 6989
1582 1948
8511 9304
6358 6827
3533 3920
4865 5109
7760 8213
5249 5261
5558 6197
4800 5470
3849 4578
7202 7643
6056 6430
4096 4580
2456 3096
4435 4677
4768 5539
2483 2910
793 849
1596 2151
6151 6863
8207 8934
7887 8089
8959 9009
96 586
5231 5528
3289 3855
7205 7433
5641 6297
443 922
2251 2551
9179 9472
9320 9741
6401 7124
6383 6675
9354 9844
7603 7747
3252 3444
7950 8566
6938 7232
4038 4284
4120 4526
993 994
9544 9783
9529 9731
3806 3976
3678 4382
5708 5760
826 1399
8253 9035
4689 4710
7302 7956
636 1091
9409 9675
808 1320
151 739
1539 1694
5682 5792
4279 4836
1583 1695
5325 5562
5047 5409
6225 6606
5664 6397
3439 4055
7909 8303
4112 4834
6751 6769
2604 3130
3113 3145
3110 3445
3750 4254
5702 5777
8681 8745
91 136
3427 3750
6897 7273
2532 2592
8042 8737
6324 7005
6104 6141
6602 6635
1012 1435
9077 9419
5880 6324
6919 7057
965 1704
3313 3990
2600 2697
9439 9995
8506 8743
3068 3854
45 530
749 1063
3188 3980
3170 3281
9646 9926
7248 8030
3975 4575
6819 7144
4912 5569
606 1334
1586 1700
6534 7221
9253 9804
9036 9667
7877 8086
332 1058
3360 3488
795 1500
3282 3335
240 897
5293 5665
151 734
6631 6851
4408 4768
6547 7177
6597 7053
3864 4263
7526 8220
2729 3136
8170 8637
421 751
2625 2760
8945 9537
707 1176
281 436
2175 2256
6887 7181
7652 8018
5643 5859
9234 9548
503 511
3387 3765
7563 7801
6950 7158
6922 7320
4371 4806
9061 9406
1257 1669
4047 4698
326 443
4509 5144
6143 6804
5198 5865
6783 7493
3395 3568
7903 8283
190 821
114 270
8701 9345
8368 8639
9249 9827
2105 2287
2802 2965
3047 3526
7433 7604
3904 4361
8596 8815
403 1172
3814 4002
2461 2678
8776 9316
9152 9832
2034 2515
9234 9764
8320 8777
2377 2630
6009 6156
9486 9595
2321 3120
3693 3865
505 1140
148 850
1862 2160
415 1131
5002 5222
1264 1572
5450 6170
6138 6207
3813 4375
7732 8330
6280 6488
61 222
2494 2528
5345 5837
5353 5600
2472 2971
3485 3846
936 1013
5461 5463
4700 5204
2727 2921
972 1086
6153 6557
4488 5026
6492 7025
1931 2154
9395 9492
3527 3924
477 934
3563 3735
1977 2735
349 679
7196 7381
3310 3980
3653 3697
45 258
2897 3219
931 1028
4902 5058
2617 3111
7325 7503
5417 5832
4456 4506
8016 8778
7969 8280
9114 9518
4158 4453
7460 7902
3122 3359
3816 3862
4307 4394
14 545
7702 8200
3817 4142
6747 7145
2659 3144
7895 8020
1456 1939
2307 2953
3145 3512
6360 7147
169 513
7926 8238
4837 5206
7345 7555
8489 9270
4256 4271
7080 7673
6003 6485
1722 2001
6510 6734
8834 9563
9495 9583
2147 2830
2192 2972
6580 7257
2856 3264
6616 7275
573 1346
4087 4840
8780 9569
259 369
4026 4106
1506 1575
9178 9631
2964 3228
6814 7493
7750 7859
6995 7024
8303 8677
4280 4407
5953 6233
6019 6601
6981 7773
4705 4751
6662 7410
36 374
3251 3611
8499 8684
2840 2999
5821 5939
388 1094
8867 9037
2183 2777
8969 9409
6516 6524
5520 6148
6019 6048
417 990
3597 4075
640 974
2774 2949
6947 7735
3837 4180
6414 6611
9554 9940
3896 4412
7055 7527
1536 2287
9106 9792
1591 2270
7283 7288
6006 6187
2471 2901
5499 5757
8956 9514
5120 5435
1156 1266
8449 9017
97 800
6448 6576
8657 8789
2224 2657
9181 9451
3110 3332
3250 3462
5870 6229
5409 5880
7790 8095
4436 4577
3273 3761
2546 3075
3365 3829
9530 9573
8601 8904
2281 2760
1826 1830
9612 9686
6738 7380
1758 1906
7648 8191
5741 6266
8538 8628
1483 1799
9007 9493
9455 9924
6830 6978
5740 6513
5806 5826
558 635
959 1637
3830 4558
8142 8603
3289 3453
8919 9574
2247 2437
9589 9704
2739 3483
3434 3438
554 1309
3063 3639
9357 9749
3889 4003
5590 6206
4041 4346
5302 5340
2275 2359
805 1324
1578 2126
2422 2869
8146 8266
729 1266
958 1625
2755 3095
1019 1462
2757 2791
112 549
4313 4579
3118 3777
8906 9323
3927 4689
1571 1977
8955 9585
2634 3278
2522 3159
2982 3215
9167 9491
9486 9980
8812 9209
6987 7703
3972 4525
2621 3150
4 299
171 553
5535 6155
229 674
1414 2041
6127 6853
3996 4591
4007 4641
4017 4422
8951 9530
8585 8643
6686 6927
2486 2494
535 1194
4517 5155
8592 8717
9407 9737
1881 2512
8820 9185
8882 9014
3326 3367
2653 2735
3436 3464
134 345
546 1050
7780 8015
4728 5126
286 1002
3023 3601
4840 5428
6612 6682
5262 5911
1813 2204
1677 2447
6328 6696
33 331
2035 2085
2353 2520
5015 5704
8987 9324
2381 2675
5221 5967
6814 7446
9233 9936
6182 6543
9735 9747
7208 7896
4539 5250
3259 3376
9103 9597
9291 9356
9256 9803
9746 9759
7027 7073
2340 2879
7755 8390
8210 8300
915 1280
7767 8300
8829 9262
9774 9872
57 630
1283 1419
8985 9104
7083 7873
6972 7755
8104 8350
4899 5503
5675 6025
4926 5503
304 665
3520 4203
660 1148
2005 2495
1321 1418
6593 6869
2065 2524
9555 9937
4791 5350
9057 9657
3760 4342
4875 5040
828 852
869 969
9628 9848
8355 9087
1593 2286
9467 9920
646 776
7904 8568
8397 8465
3178 3588
3546 3846
5826 5855
2458 2508
770 986
8001 8090
7568 7705
3586 3589
2198 2944
484 1034
4836 4983
80 631
9058 9806
1341 1768
4836 5174
4891 4932
7 53
1837 2382
3782 4189
748 835
645 1205
6786 7048
9204 9290
4593 5002
5767 6479
6261 6506
977 1335
5415 5737
2491 2588
8366 8569
8922 9366
4771 5526
3182 3336
8999 9239
2380 2748
8776 9398
7104 7760
8020 8468
7418 7566
1657 2196
5296 5468
951 1309
6293 6932
839 1295
169 471
7493 7684
1414 2101
4549 5020
4822 5265
3171 3544
1228 1528
3752 4271
6967 7684
7054 7166
1292 1914
7458 8027
5124 5771
4525 4823
8603 8649
1371 1598
8470 9182
8870 9032
2817 2855
9450 9793
7440 8005
5871 6027
1423 1843
1184 1855
7088 7500
7932 8656
2136 2765
5173 5745
184 706
8657 8709
2040 2117
2946 3555
8915 9439
6468 6841
7828 7841
2864 3344
8714 8838
971 1021
930 1013
2636 3140
4474 5172
6135 6243
3082 3374
2555 2757
689 784
7788 8496
2253 2447
1678 1948
8234 8770
1833 2161
244 989
7097 7471
3578 3851
8661 8670
3002 3539
3213 3481
9266 9951
7964 8073
2215 2482
3641 3719
758 849
2770 2884
4929 5465
2785 3342
2050 2339
8472 9258
7837 8066
7091 7461
4946 5278
9630 9784
7023 7087
6201 6846
368 1026
9468 9763
1897 2209
1431 1863
5233 5869
6979 7279
7624 8239
6123 6140
4480 4828
9195 9678
4639 4943
5102 5897
2180 2667
7401 8019
7791 8532
9449 9524
4709 4968
6610 7086
4378 5137
3416 3696
2570 3141
5857 6531
5441 5824
6665 7220
5760 6477
5983 6672
894 1161
3246 3796
3459 3862
4661 4885
4008 4590
8316 8350
5499 5661
397 1031
1610 2101
5683 6380
9767 9931
4047 4558
1901 2082
3885 4162
466 866
6391 6620
5144 5543
4691 5129
2514 2565
8991 9046
8246 8772
5431 5541
2697 3128
5766 6528
458 756
3050 3413
1801 2288
8899 9002
9612 9825
9087 9811
581 821
3106 3322
9189 9658
2030 2137
6128 6777
5840 6015
8758 9297
8270 8501
220 649
8223 8382
8601 8774
8837 9054
3814 3956
1066 1719
9171 9496
192 940
7869 8549
2776 3510
9027 9512
4296 4395
888 1113
3807 3999
2530 3159
4115 4812
1595 1874
3218 3803
4033 4054
4498 4995
2165 2310
8649 9126
1233 1762
4561 4980
8974 9403
3933 4139
4095 4316
690 1291
8898 9034
3745 4100
5244 6015
4793 4958
7094 7249
7939 8232
6740 7357
5402 5661
8986 9759
2110 2457
4383 4749
554 1270
8830 8920
7716 8378
8963 9448
6852 7564
6235 6436
9593 9830
2248 2909
591 1261
830 917
4818 5298
5402 6066
7662 8411
4509 4533
2883 3474
6826 7430
7935 8568
7226 7912
2021 2325
1 30
6299 6927
5204 5720
3893 4687
3536 4035
5555 5909
4191 4339
7136 7659
4894 5115
5103 5370
4483 4611
704 1020
7166 7427
6718 7397
5695 5735
9265 9961
9665 9710
7904 8587
8579 8785
5733 6207
2269 2520
5971 6500
9377 9769
1131 1772
8662 9460
6278 6639
3502 3835
7112 7487
4742 5492
6571 6750
3862 3951
2114 2391
4747 5467
8010 8323
8862 9410
3934 4715
7183 7825
234 913
8131 8230
9732 9868
7579 7974
429 964
5287 5762
6739 7343
2779 3122
1309 1853
6861 6862
3493 3963
8173 8564
4382 4960
3013 3759
3504 4087
4853 5350
2209 2341
4565 4740
9046 9735
6871 7368
6928 7608
1874 2227
7612 8279
3126 3473
4631 4904
9671 9874
5859 6409
5347 5958
9201 9596
3510 3720
5580 6235
9268 9336
9480 9532
3041 3773
6094 6613
2775 2918
4340 4789
8971 9671
7288 7627
8261 9031
2056 2118
7190 7697
3948 4473
7502 7572
4165 4623
7199 7999
8245 8254
2623 2664
7897 8656
3231 3744
3315 3995
8489 8585
3882 4576
1946 2189
5793 5927
9594 9700
5014 5096
581 1208
1760 1993
8182 8422
1116 1435
661 802
4553 4707
8714 8766
8472 8657
5270 6044
4582 4904
4063 4183
1576 2290
761 1144
4705 5393
2355 2561
2789 3323
667 1127
4021 4748
1911 1989
1261 1393
9358 9830
1369 1890
230 264
7788 8468
8184 8652
2528 3002
9191 9654
1483 2029
1833 2309
5880 6674
32 681
2667 2850
7157 7491
440 1211
8855 9634
6721 7499
7830 7935
4636 5059
2315 2763
3496 4230
9431 9451
322 741
1096 1442
3081 3644
8974 9687
1498 1762
2644 3239
7395 7707
1806 1876
4999 5494
8253 8757
3990 4267
1782 2127
161 937
32 595
2632 2652
3119 3601
1146 1776
1256 1405
4822 5145
7087 7454
216 235
2018 2159
2428 2811
3052 3476
8697 9153
3466 3914
7735 7826
7901 8044
1814 2142
275 588
4897 5278
4853 5277
9041 9359
100 157
5281 6012
4911 4967
7396 7419
7959 8716
600 632
3966 4281
5056 5761
2004 2782
2667 2822
9241 9586
557 1200
3674 3784
7374 7909
359 785
6184 6900
7346 8018
8187 8772
9329 9479
5157 5184
7539 7848
8502 9235
3797 4034
6718 7268
663 1002
5867 6442
3314 4068
970 1250
311 626
3994 4236
254 953
7771 8290
890 1239
4629 5100
4358 4604
33 283
4064 4628
3199 3692
836 877
264 541
9209 9367
8602 9357
257 555
255 564
8749 8773
3708 4280
6797 7032
6582 6722
5945 6563
116 179
7294 7832
1178 1390
21 590
6553 6962
6765 7517
7248 7386
6875 7402
1926 2445
5483 5969
4413 4973
8671 9330
4373 5080
821 1371
7315 7524
12 397
8647 8771
9159 9781
6648 6685
922 1145
4468 4882
7292 7808
2251 2495
9449 9766
6009 6240
6053 6121
5995 6148
828 927
7311 7781
8310 8880
381 1019
2530 2741
4568 4869
6525 7317
6364 6957
3583 3825
2492 2974
508 1037
8451 9039
4302 5035
2143 2576
5780 6356
7440 7500
4014 4056
6550 7279
2157 2833
6315 6810
237 717
896 1460
9797 9935
8249 8976
540 1328
4482 4758
546 575
6205 6465
1541 1551
3260 3673
3281 3613
8233 8502
9138 9654
7483 8141
5173 5598
3409 3841
2613 2933
7042 7734
4745 4926
7283 7822
3157 3845
5018 5169
7868 8183
4937 5628
5307 5570
5644 6433
9575 9854
4663 4677
8209 8637
540 1123
9075 9751
5562 6258
5750 6114
5699 6162
5643 6182
5352 5499
1783 2477
6473 6511
2054 2634
2839 3408
4155 4333
2829 3354
3568 4123
4554 4678
8656 8858
4843 5323
952 1600
6284 6385
9103 9252
9650 9885
4297 4960
9395 9470
4925 5648
5642 5739
7331 7838
3377 3422
3690 3879
2741 3473
5070 5790
7223 7429
7385 8126
185 342
3568 3604
7716 8329
4826 5018
141 196
3853 4549
4664 4817
5189 5476
7235 7417
7019 7335
6963 7723
6252 6661
381 659
7304 8070
4719 5161
3643 4371
9460 9772
3088 3535
1136 1367
7554 7961
5020 5181
8639 8724
9041 9346
7755 8113
1562 1840
7220 7958
2531 2645
6712 7074
1898 2475
3661 3867
2382 2482
1846 2024
2094 2160
587 782
2149 2166
561 1305
633 751
2653 2945
7070 7343
1442 1942
5462 5561
1168 1278
1389 1470
9025 9530
5337 5638
3921 4656
6287 6866
2556 3281
7055 7601
9577 9644
9417 9519
6409 6522
7461 7874
8363 8424
2001 2508
5727 5792
7584 8304
843 986
372 919
4849 5374
1212 1553
3179 3233
1724 2189
7450 7971
4167 4521
3960 4130
1566 2220
9282 9589
3701 3873
7254 7869
3208 3329
9062 9202
7664 8063
6276 6436
7737 8256
3111 3833
9164 9667
2411 2758
3934 3975
2894 3667
2035 2788
5991 6251
1480 1620
381 888
2848 3589
1347 1728
6571 7254
3176 3855
3266 3518
7721 7806
7402 7460
5872 6355
251 418
6570 6645
1895 2223
4106 4516
1132 1471
4448 5056
1030 1081
8314 8902
6020 6349
5622 5770
5792 6261
9039 9640
1041 1175
4710 5201
6011 6326
7922 7979
3015 3152
4551 4959
1343 1479
7407 7682
4487 5004
471 481
50 519
458 733
3003 3477
5264 5493
8214 8944
1550 1619
7493 8056
6253 6680
3834 3869
3926 4694
2671 3005
4150 4216
8628 9283
2808 3342
7536 8179
1618 2364
6703 7475
1989 2027
2861 3323
510 1211
5620 6043
3321 3574
6063 6230
5884 6318
258 1055
9799 9866
8471 8705
5610 5913
8692 9338
2585 3360
3736 4349
2116 2575
5019 5739
5943 5991
8513 8892
1534 1841
8182 8519
3936 3941
104 858
1537 2325
8533 9111
2029 2314
2295 2687
2371 2378
1203 1339
9949 9991
1663 1805
7250 7941
150 344
3835 4146
801 1474
6102 6627
1133 1292
764 1316
3667 4309
4986 5592
66 83
621 1137
4155 4537
2144 2744
2954 3331
7762 8209
5069 5164
3980 4323
3278 3352
9220 9432
211 248
9659 9870
1337 1609
1406 2152
3813 4296
2764 3284
5425 5969
7559 7967
6654 7388
5611 6093
726 1230
9516 9775
554 941
6578 7235
6387 6518
601 827
2957 3637
1542 2091
447 1009
7106 7495
358 512
3826 4192
3599 4045
4628 5224
1770 2509
3721 3798
458 624
1723 2279
4102 4705
1896 1986
2537 2989
2068 2865
2228 2843
7040 7243
4587 4772
1236 1867
7589 8345
9639 9704
3204 3841
7163 7504
7819 8031
8636 9229
838 1444
5043 5338
6479 6835
2305 3069
6569 7329
2367 2473
8400 8471
8825 8990
9178 9599
2447 2686
2765 3229
3410 3930
957 1380
2357 2999
6406 7092
9818 9975
5580 5654
1044 1499
7774 8540
6554 6572
2671 2706
3261 3553
6192 6895
4498 4968
2727 3063
7188 7501
6293 6806
8385 8763
589 715
1260 1342
4468 4819
16 60
6381 6757
4262 4335
6285 6643
8039 8153
7543 7935
7219 7404
2024 2414
8766 9252
3763 3803
6623 6963
2960 3128
9552 9749
3165 3341
8797 8863
9057 9122
4701 5413
1307 1556
2477 2848
7129 7183
6599 6905
7204 7460
1620 2157
2623 2671
190 245
1419 1680
228 774
7132 7585
1927 2641
6354 7153
771 1509
587 1186
3496 4094
8396 8670
4469 4981
2607 3217
6973 7342
7122 7543
7627 7836
6566 6668
3146 3407
6172 6229
3763 3778
910 1153
3098 3131
5196 5924
3868 4094
7011 7050
2097 2814
8379 8982
4207 4266
3304 3967
3738 4362
5782 6237
4243 5016
5439 6103
8581 9252
5702 6021
8996 9502
5009 5635
698 846
7822 8177
3210 3590
9177 9326
1929 2146
2381 2538
735 1220
8223 8324
3742 3744
3444 3457
7578 7766
228 618
6409 6876
6994 7689
27 518
2561 2636
9720 9992
4364 4707
8046 8577
1132 1304
657 1101
1369 1990
5832 6452
7194 7576
6336 6510
4254 4290
9096 9355
4436 4788
3525 4149
6542 7078
2574 3193
1804 2383
6808 7586
272 1032
4086 4297
5668 6284
1531 1747
7671 7802
1414 2053
5758 5878
8965 9089
5350 5377
6623 7066
5708 6479
3900 4681
1616 2226
4361 4923
5606 5697
8631 8706
864 969
1055 1273
3541 4235
6871 6944
1964 2146
9730 9973
7499 7512
2876 3136
6687 6875
129 871
9467 9477
7979 8331
7018 7115
1730 2013
2120 2426
493 877
8881 9487
531 781
5076 5357
4182 4914
8556 9309
2413 2549
4742 5417
4257 4503
1992 2526
6178 6647
8243 8945
3503 3540
3431 4167
7004 7013
2144 2358
6380 6525
9656 9775
7774 7876
3083 3625
2845 3289
4751 5225
5326 5871
1860 2358
2408 2865
6986 7146
277 385
1672 2255
2609 3241
6341 6889
7316 7937
2323 2497
3795 4419
722 1491
3566 4334
4000 4346
3639 3919
9939 9982
4310 4324
2762 3309
746 1138
1790 2057
4443 5096
8243 8845
5159 5315
6890 7250
8473 9131
3289 3612
6928 7626
878 1402
8854 9140
7105 7186
3073 3229
9148 9939
6483 7089
4367 4902
4365 4654
1622 2357
6382 6590
9141 9490
3076 3442
161 352
5311 6012
9917 9951
7220 7263
1817 1881
3988 4683
9657 9871
2938 3387
2 487
6799 7253
8382 9066
6047 6658
6561 6874
2849 3223
6458 6562
267 612
8862 9437
1375 2027
6018 6331
140 207
8530 8720
749 986
5011 5122
4168 4585
1859 1970
4441 4475
7299 7835
6992 7392
4608 4801
8013 8326
8890 9684
7990 8127
9912 9991
1304 1664
5383 5742
4967 5240
3726 4091
9204 9741
76 643
630 1148
1365 1410
3919 4472
2674 3142
3824 4014
6301 6951
9564 9673
9645 9967
4116 4779
4176 4871
1851 2499
1068 1833
6899 7488
8108 8658
1398 1811
5646 5815
8711 9186
437 560
7402 7822
5319 6050
5839 6548
256 378
4809 5358
6584 7297
1450 1824
22 112
4403 5005
1297 1660
570 792
5117 5611
6744 7216
506 1269
810 1418
2806 3114
2755 3151
1805 2060
7053 7565
2040 2077
918 1099
3563 4311
4095 4173
5397 6078
8952 9127
8912 9056
184 506
7734 8204
8675 8688
4618 5326
804 1085
5073 5618
1629 2122
1606 1951
731 1160
5941 6527
694 759
3132 3888
9423 9545
5821 5850
6358 6867
9138 9466
7611 7616
8052 8430
6876 7044
811 1442
437 609
7361 7846
5662 6350
9396 9525
5743 5772
5620 6135
848 996
6779 7565
2384 3151
7771 8135
3039 3426
7598 7950
4920 5116
5061 5621
6412 6660
6774 7030
2395 2409
4336 4904
1702 2073
9345 9943
1775 2374
4358 4894
7579 8017
4491 4818
2308 2653
6197 6961
8614 9265
2702 3142
9625 9930
7421 8173
9348 9665
9444 9934
4113 4836
8262 8337
7100 7686
3832 4049
5033 5316
899 1428
5707 5809
2370 2825
8161 8222
7583 8039
1324 2065
9299 9313
1247 1823
1641 1719
5321 5492
5806 6401
3834 4198
7375 8053
6376 6565
7263 7363
6734 7168
2293 2317
1336 1773
1242 1279
9187 9949
1336 1479
1273 2073
5976 6019
3878 4391
7929 8115
8995 9724
9143 9543
9063 9823
8200 8201
149 403
5067 5138
7325 7926
7315 7700
9005 9763
5906 5944
9286 9656
2682 3286
8610 9050
4209 4690
8469 8559
6803 7414
4888 5228
5488 5529
8100 8779
8434 9010
5649 6346
9240 9897
8160 8716
4334 4469
6555 6856
671 1045
6161 6425
85 90
1624 1903
1609 2085
8226 8889
7736 8303
2952 3216
262 941
6856 7490
2383 2654
8840 9361
9258 9372
265 890
8678 8867
7285 7761
7515 8124
194 372
4890 5218
6349 6573
8052 8447
2607 3185
8805 9040
8123 8311
2489 2634
6689 7448
4630 4849
7066 7435
116 219
6052 6195
8934 9240
9749 9919
7327 7871
379 1054
1838 2515
7780 8156
2215 2541
9157 9342
9557 9750
4332 4417
7253 7519
3409 3719
4750 5380
781 875
6308 7079
5133 5168
7836 8185
5711 6354
6518 6874
4287 4702
1438 1994
5668 6318
7782 8091
5443 5817
7919 8063
88 148
1209 1899
7688 7834
8542 9324
1733 2165
1086 1242
946 1617
6296 6960
6247 6293
5006 5100
4878 5289
3586 4169
864 1342
667 1062
4898 5434
3288 3444
8572 9305
8206 8651
1408 1469
7757 7961
2497 3142
6316 6481
21 45
5622 5810
4072 4335
5532 6228
7132 7554
4486 5283
1424 1729
3445 4028
6612 6900
2267 2552
4369 4592
7853 8183
8375 8895
4778 5152
1812 2078
1833 2377
1642 2356
3608 3983
1100 1799
1454 2235
4814 5545
4526 4928
5414 5524
1341 1487
8980 9701
5963 6334
5026 5319
164 453
1390 1564
433 1055
3773 3984
1084 1458
4641 5214
4595 5195
9687 9941
9389 9617
8338 8992
5966 6494
375 654
1103 1273
8280 9062
3622 3646
7981 8091
6983 7109
839 1416
1106 1482
3920 4493
5165 5250
214 270
3301 4031
8216 8925
5246 5316
3609 4314
2187 2722
294 814
2141 2613
4985 5130
5327 5566
6502 6914
5345 6040
3483 4047
8095 8773
6623 6807
3174 3525
6678 7258
5959 6244
5892 6023
2815 2881
1061 1529
6830 7277
2929 3469
2445 3155
2180 2383
9212 9522
4059 4304
2978 3005
2795 3058
410 852
4784 5497
2692 3201
1363 2027
1260 1329
1085 1832
2193 2810
4550 5123
3590 3997
6715 6777
4191 4872
1279 1949
1110 1750
7908 8568
412 938
1179 1786
2799 3200
879 1639
185 808
4456 5226
6615 7049
1999 2211
1715 1813
6776 7354
2368 2441
2791 3495
5127 5195
6269 6278
6633 7064
1471 2005
5100 5283
7154 7919
7779 7852
6943 7296
8802 9471
3889 4072
2199 2557
7664 8447
1139 1574
9427 9593
9654 9902
1887 2514
187 582
6217 6677
4205 4280
8735 9454
6188 6578
1629 2081
4329 4876
9283 9854
8078 8615
2639 3370
1639 1933
9520 9664
7099 7706
6613 6956
6468 7125
2319 2399
7268 7458
4252 4682
3561 4128
4823 4994
3969 4673
6348 7120
28 249
4465 4888
8784 9112
8488 8516
1147 1625
3408 3944
7655 8151
3936 4451
7805 7903
9179 9194
1356 1503
4007 4693
7617 8403
1909 2483
5395 5593
5602 5854
6781 7038
5460 5587
7048 7482
5003 5388
5700 6311
2281 2299
6927 7099
9477 9728
7254 7335
9197 9675
2351 2779
7763 7892
175 241
176 570
31 344
3225 3881
6195 6235
104 314
7501 7759
6635 7153
9254 9918
1935 2228
4585 4976
5536 5607
4439 4451
5096 5283
9775 9994
5273 5750
8539 9105
6239 6451
1930 2633
7121 7432
4380 4976
360 871
9286 9989
359 1069
6690 7173
183 687
816 1241
1837 2196
2547 3324
4951 5208
5909 5949
3362 4115
9311 9654
8280 8364
1033 1709
9228 9248
977 1751
925 1175
7585 8185
502 851
3487 3874
2641 3065
7465 7876
2570 3353
1234 1449
4904 5628
9206 9369
7414 7864
679 887
8756 9307
4688 5221
5697 6152
1868 2505
546 1262
7423 7996
3959 4499
1859 1943
4571 5187
398 1093
6610 6764
1553 2264
4189 4705
1037 1205
8337 8870
8816 8855
9663 9927
1702 2372
4360 4889
5730 6052
95 313
6040 6475
2741 3278
7010 7642
6748 7484
5117 5749
6844 7492
6733 6993
8888 9198
6986 7374
6325 6727
460 685
5250 5293
1039 1126
2940 3174
160 689
8674 8805
2924 3163
2568 3309
4877 5554
5026 5041
44 111
243 304
9408 9603
1516 1804
8772 9530
2417 3120
4550 5136
8546 8723
9817 9858
8101 8306
8819 9211
5636 6300
4032 4766
2770 3440
4086 4161
8211 8797
4 649
5268 5732
451 941
7172 7495
1900 1926
8465 9134
8157 8663
8805 9375
5044 5265
6176 6285
396 853
1037 1078
2861 3526
9241 9519
294 890
4854 5060
4755 5161
5688 5876
5615 5966
2010 2219
2056 2388
2585 3345
8231 8250
121 542
6509 6721
805 1301
9614 9797
1766 2182
3012 3437
3950 4478
9218 9938
2794 3049
7767 8346
3556 3567
4236 4651
5275 5468
3246 3445
5305 5656
3363 3816
1350 1925
3589 3864
4569 4664
8473 8660
8147 8394
2581 3149
9375 9408
2345 2352
4733 5193
3209 3755
6991 7318
2990 3026
8406 9146
5871 6556
3949 3968
1167 1223
4499 4659
3832 4029
7785 8205
6248 6494
7206 7793
5869 6443
1496 1746
9364 9586
3375 3598
4536 5048
5192 5554
9770 9881
1346 1853
749 1434
386 446
7329 7633
4763 5083
6722 6834
9195 9591
6746 7363
8215 9007
6263 6463
6750 7299
1207 1891
4122 4565
4986 5139
3269 3290
5703 6162
8148 8563
8911 8913
497 943
7581 8350
8961 9534
553 868
77 847
6662 7325
6862 6971
3122 3626
159 807
7572 8210
7543 7619
6871 6954
4383 4647
1778 2492
9089 9757
22 41
3525 3793
8006 8687
7092 7319
5343 5984
5428 5946
7087 7214
4899 5573
1370 1504
6262 6411
5764 6301
7171 7268
4104 4312
6997 7023
1198 1763
5755 5805
1579 1916
8019 8767
8991 9424
9151 9759
7444 7791
7221 8007
8120 8833
4158 4824
5936 6350
1882 2615
3326 3856
6852 6946
6471 6694
6079 6513
784 1223
5421 5707
6857 7449
3603 4024
154 799
9132 9837
7042 7239
7436 7614
7344 7889
1165 1912
2448 3139
9410 9688
5611 6358
6724 6914
8217 8561
4386 4413
7221 7335
1198 1617
363 742
3701 4132
5200 5248
8126 8531
2932 3332
6685 7224
4770 5488
6040 6320
51 340
5199 5905
7326 7653
240 354
1503 1737
8564 8713
9122 9494
8779 8880
9191 9214
5917 6114
7823 8149
9667 9939
855 1304
1902 2495
3306 3372
4207 4380
1062 1793
5243 5343
749 1098
1128 1289
8075 8655
9501 9730
1743 2244
4638 4683
5694 5731
3806 3935
7981 8565
827 1415
5901 6353
4386 5087
141 178
7516 8198
8059 8484
1385 2131
8758 9159
1397 2001
4454 5171
5290 5724
8196 8552
3303 3675
4333 5057
3138 3486
303 396
6074 6384
2185 2474
1267 1724
9509 9665
9433 9717
4916 4921
2303 2710
8109 8186
7305 7880
3870 4187
3701 4198
7197 7454
5435 5976
7801 7902
6305 6830
1163 1525
8527 8731
1907 2169
3139 3882
983 1722
2622 3236
558 1170
1549 1948
58 91
4956 5589
1452 1885
380 1129
6248 6486
643 1080
6777 7430
4545 4615
4622 4733
7077 7361
6336 6684
8532 9049
6915 7248
2949 3674
8440 8748
2112 2237
8412 8779
8666 9445
7189 7424
4164 4379
9267 9878
8715 9360
5363 5785
6581 6666
280 338
2599 2844
357 745
1485 1853
1665 2091
8113 8164
6677 7262
849 1282
9383 9665
3676 4244
114 545
2601 2970
8007 8392
6015 6516
5915 6657
8643 9420
1837 2505
9874 9981
3887 3967
5043 5417
9242 9370
1410 2000
7181 7895
2610 2935
879 1148
7074 7091
9823 9968
601 1030
4602 5256
282 1066
2986 3006
4445 4981
5648 6275
495 1285
1367 1461
6829 7230
197 868
3666 3877
2643 2889
3139 3193
4584 4788
9631 9674
3532 3887
6379 6545
2857 3613
3238 3954
834 947
3322 3722
5998 6052
4648 4975
1940 2238
5141 5221
255 868
7952 8730
6067 6164
6030 6369
8697 9047
8032 8038
8293 8602
9396 9428
9623 9909
8078 8150
8351 8930
5892 6440
5893 6473
3904 4337
2570 2724
5447 5622
7974 8225
6764 6968
5440 5876
5139 5403
116 548
7110 7289
5490 5697
5859 6219
4138 4584
326 514
5067 5453
7024 7338
9253 9674
9745 9836
4359 5130
9032 9240
9212 9787
5458 5792
3563 3933
8198 8801
3439 3692
1727 2445
2688 3039
2907 3086
6855 6959
8330 8525
7165 7326
2433 2945
3007 3476
8511 9185
8272 8553
6672 7190
5320 5503
4122 4739
221 254
1501 1995
671 1468
3748 3766
1398 1479
8134 8527
6281 6596
7686 8109
957 1449
8539 9312
9061 9580
3313 3336
5852 6398
1830 2535
2713 3236
5659 6242
9909 9946
9237 9765
1637 2061
1159 1228
6645 6968
3824 4623
908 1187
7413 8051
1021 1233
9108 9425
542 1107
4507 5064
9529 9856
8640 9064
369 531
584 827
1752 2268
261 1034
9842 9989
8508 8675
8253 8740
4937 4943
9660 9916
2440 2554
8803 8868
4976 5420
5645 5816
7914 8700
9202 9990
3423 3473
6926 7534
6846 7552
2582 2931
7541 7722
248 418
75 364
6665 6945
7904 7985
4128 4854
1537 1647
5501 6096
8292 8772
2274 3072
6273 6618
3583 3646
1037 1421
3982 4563
1069 1120
6668 6715
5285 5996
8693 9269
3264 3413
6137 6305
556 770
775 1070
2431 3217
621 1285
8339 8733
2688 2802
911 1390
8039 8344
9225 9926
6389 6499
8538 8749
9276 9504
6412 6813
1322 1583
7370 7444
7014 7386
2160 2903
4008 4118
4356 4740
6478 7056
8520 8887
6361 7076
471 935
5779 6122
8146 8807
8071 8461
2376 2611
6324 6522
7266 7353
3131 3501
7946 8005
4809 5566
2148 2186
3430 4099
2109 2597
3445 3607
1056 1690
1793 2404
6860 7610
49 598
53 474
3497 3667
1092 1672
653 839
2243 2693
3769 4523
5036 5814
3881 4397
1831 2605
2377 2385
9101 9760
8737 9516
8987 9239
1005 1687
1964 2012
6635 6712
8043 8607
6926 7156
5246 5995
2546 2995
1944 2743
5761 6405
6345 6627
6748 7222
3745 4312
1183 1272
6818 7517
3002 3139
833 1450
5674 6119
5218 5405
6731 7260
6932 6999
4824 5350
3618 3839
5031 5416
7295 7673
7630 8152
3868 4449
5636 6248
8378 8964
6698 7394
8457 8954
3736 3848
3233 3908
9383 9759
7318 8000
4477 5135
7001 7735
7747 7944
2426 2960
2389 3069
6160 6851
2453 2981
8784 8869
355 605
420 541
5630 6385
8771 8950
1815 2101
7003 7066
1969 2339
7643 8091
8236 8991
8400 8968
5144 5342
343 927
4321 4371
7473 7960
1675 1740
1022 1131
9084 9560
869 984
813 1588
8236 8267
9384 9952
3172 3370
7263 7591
3086 3684
249 845
6571 7277
113 481
4556 4987
3585 3873
3818 4267
2196 2412
2541 3096
5916 5970
1360 1691
5309 5380
4466 5114
6504 6681
2322 3119
6206 6679
478 910
4525 4705
9144 9499
1973 2098
6037 6478
1802 2269
2973 3542
5636 5897
2173 2251
7373 7600
5085 5511
6083 6117
6958 7667
9392 9668
1912 2533
5343 5935
492 1005
3903 4467
8523 8781
3864 4528
9806 9941
1420 1421
7091 7860
1301 1459
3920 4063
6171 6276
8731 9471
9099 9743
9863 9918
9192 9521
5757 6448
9339 9577
6769 7525
7102 7654
1020 1735
5014 5506
3707 4077
3464 4234
8507 8948
6774 6920
2519 2938
8914 9365
9241 9717
469 708
707 1305
4171 4250
4655 5329
2561 2920
583 683
488 685
3903 4533
8323 8463
8097 8705
65 216
6224 6513
6419 6747
1150 1714
7312 7380
2158 2363
545 1261
9501 9890
8970 9332
1681 2222
5637 6137
7865 8000
2005 2194
6464 6520
4519 5283
154 279
8272 8641
7588 8208
846 1368
5378 5876
3342 3817
6278 6982
1652 1685
78 288
8394 9180
330 849
7445 7805
7354 7888
9237 9306
8917 9111
7220 7603
6266 6450
6732 7084
2428 2842
8379 8877
6630 6795
2412 3053
2921 2978
283 976
7497 8287
4810 5341
9569 9845
7872 8322
2558 3288
7941 8453
7749 7824
8948 9732
468 527
7179 7392
4222 4242
7870 8575
1018 1448
3803 4076
2877 3269
4030 4670
2861 3267
7521 7697
4658 5016
8036 8199
4296 4740
3075 3194
8599 9007
8536 8595
7221 7311
6258 6776
2395 2725
2682 3251
7350 8065
2224 2399
6636 6845
1731 2219
404 809
359 821
9309 9994
2731 3374
1374 2125
4153 4553
3099 3635
1593 2287
9378 9954
6863 7365
5014 5532
8931 9724
9200 9912
5070 5415
6852 7493
1817 2294
3763 3921
779 1268
8852 9564
8583 9075
1604 2161
1625 2311
688 1372
2405 3142
1760 2201
9248 9980
6693 6983
4870 5372
4781 5345
7001 7559
2204 2260
1945 2558
677 745
7696 8407
4090 4270
698 1158
2524 2850
6029 6549
1709 1865
9555 9689
1560 2291
977 1488
9074 9773
7226 7838
1181 1740
8961 9299
1315 2106
9579 9810
7032 7743
2441 2675
4375 4851
650 844
1858 2321
4640 5114
7972 8343
2129 2242
4896 5456
9806 9941
2157 2204
6971 7389
8889 9091
4302 4381
3731 3773
508 1104
6153 6199
3080 3293
1691 2299
1659 2172
3392 3621
6740 6775
6881 7659
7592 8349
3403 4109
13 229
6231 6824
3020 3180
1405 1898
7197 7212
2131 2737
8660 9340
5856 6649
753 974
6840 6918
1270 1625
3179 3885
3854 4191
2792 3510
3106 3746
2039 2491
776 1490
1117 1334
1639 1685
4600 5202
9227 9501
9880 9913
1462 2069
100 312
210 932
5801 6480
6218 6257
9327 9570
6115 6409
7767 8054
7939 8008
4159 4265
8023 8063
5378 6036
1204 1266
3377 3683
4531 5103
3442 3620
8550 8898
6084 6865
3229 4002
6640 7078
1442 2083
3943 4542
2014 2015
1373 1588
1224 1551
4165 4563
8299 8675
1257 1283
6626 6818
821 1290
1883 2509
1871 2567
5296 5689
9351 9778
344 1084
7644 8143
50 65
219 290
3466 3886
2816 2958
1269 1518
893 1512
2251 2761
5266 5458
2019 2643
3032 3364
2897 3053
7131 7207
6925 7355
1942 2220
7236 7376
85 817
7720 8211
522 526
4867 5426
8356 8480
9293 9736
9764 9886
9334 9862
9388 9744
8383 8954
3797 4207
5175 5301
8195 8568
8893 9207
1758 2555
8378 8862
8815 9388
5872 6180
649 1317
320 453
3332 4008
7892 8225
7733 8232
1936 1956
525 920
3938 3958
6470 6716
3144 3171
8171 8613
9722 9993
496 887
1208 1277
4856 5407
5263 5990
7186 7789
4519 4931
7074 7406
3870 3893
8982 9216
6646 7136
3722 3782
5948 6680
1045 1391
4381 4512
9381 9466
6302 6680
6944 7539
2496 2534
7157 7275
4179 4334
3729 3779
2702 3122
2639 3274
1116 1623
8219 8664
1980 2574
3970 4424
1978 2444
5226 5376
2990 3436
7774 7836
8018 8197
7116 7352
4157 4375
8125 8569
406 443
4258 4538
5244 5293
9716 9930
881 1603
4229 4762
4249 4279
43 614
5890 6455
6246 7034
4683 5450
4107 4902
7322 8085
876 1053
9640 9995
3624 4081
1396 2101
7029 7096
6206 6739
4617 4961
2129 2610
6073 6499
3224 3387
4876 5547
3779 4557
5871 6458
5456 5972
6623 6755
4277 4953
3899 4105
2928 3000
1829 1921
6418 6769
8392 8792
7451 8114
7296 8037
6290 6965
1563 2063
4188 4500
8385 8864
6065 6476
8809 9310
7887 8548
478 612
2713 3339
4842 5626
5219 5612
8610 8919
6652 6906
4366 4489
9542 9670
1527 1751
7468 7979
369 846
8414 8678
2840 2916
3257 3837
840 1104
1543 1844
8834 9153
2412 2893
6375 6532
8820 9182
7529 7551
7301 7780
2595 2849
3470 3900
3580 3800
2788 3451
8010 8181
5542 5764
7089 7239
2173 2357
6381 7171
7242 7879
6093 6171
1227 1768
6721 7519
6360 6480
4940 5362
6606 7063
3226 3548
3192 3249
9319 9486
782 1384
2880 3350
4332 4876
2836 2908
4737 5388
3434 4212
6051 6620
7786 8383
5944 6656
6200 6676
4433 4579
3028 3279
1502 2082
7295 8071
4960 4967
8584 8882
3110 3290
9200 9997
19 332
7746 7964
4157 4691
4147 4217
5742 6433
8394 8798
821 1208
6140 6630
6808 7427
1825 2162
3071 3228
3223 3893
6756 7507
9473 9885
2885 3372
8129 8873
1525 1734
1196 1381
9039 9797
6412 6697
1973 2462
155 413
4207 4711
3645 4127
8654 8917
58 591
8148 8525
1748 1898
8315 8502
515 939
754 1285
807 1533
845 1627
483 943
4578 4807
1992 2107
8542 9135
107 182
8184 8925
3914 3955
6993 7706
9699 9980
1676 2169
1408 1499
7567 8054
2652 3154
4590 4779
4346 4482
5616 5941
4954 4998
7321 7490
9899 9910
4875 5322
1767 2540
9041 9701
1522 2060
7085 7342
3133 3897
7963 8338
9480 9882
3099 3467
4569 4579
3468 3681
5882 6135
1650 1661
8412 8718
4991 5295
4395 4955
1522 1893
7678 7980
2673 2749
9325 9450
1566 1697
7901 8422
3440 4088
6696 6792
6060 6438
3587 3633
5748 6209
9217 9438
3704 4184
5244 5767
8575 9034
1616 2052
3765 4275
5050 5243
5724 5960
8279 8507
6604 7162
7817 7939
4250 4448
169 905
6341 6661
642 1212
277 816
7543 7856
5086 5108
455 1031
4828 5150
6480 7260
9624 9863
4916 5225
1003 1384
8327 8875
8746 9254
4258 4697
4807 5354
7504 8082
8737 9381
7440 7911
1641 2368
61 746
6880 7357
8415 8700
7618 8080
2038 2496
3778 4309
6558 6775
4686 4741
7575 7625
1746 2058
8032 8723
5367 5471
8837 9179
6469 6756
6692 7446
9227 9283
8944 9096
6016 6246
9522 9822
1769 2322
7966 8475
7884 8080
9288 9527
2612 2975
7597 8234
25 106
2154 2897
6697 7017
1138 1653
6912 7267
3923 3991
5353 5699
8759 9216
6739 6894
2805 3281
2964 3487
2833 3042
8803 9339
8300 9009
1114 1667
3801 4393
8790 8859
7326 7845
3803 4458
8811 9517
5997 6295
6618 7054
1052 1607
9548 9558
760 784
6166 6479
6646 6934
9818 9825
1587 1686
5562 5914
6480 6800
3919 4272
1028 1335
300 842
3760 4108
9309 9466
1049 1418
3842 3888
1814 2007
419 1026
9182 9565
7378 8081
3512 3973
9158 9171
4734 5183
470 1125
8999 9772
407 909
5505 6046
9030 9071
7273 7860
4914 5341
4967 5354
2379 2982
8276 8501
2418 3022
467 888
307 520
7589 8093
673 1448
2848 3584
2252 2574
3813 3862
1923 2220
487 861
866 1118
2717 2761
7423 8102
9369 9740
1350 1873
4442 4528
9249 9740
1735 2399
6205 6647
4098 4633
7930 8562
1079 1705
8093 8385
3767 4122
2240 2314
1142 1421
4924 5107
1560 2104
7567 8199
7938 8421
3908 4017
1776 1881
1783 2446
2281 2819
5908 6679
4408 4799
2219 2489
717 1207
2585 2937
8424 8839
4563 4893
551 1229
18 77
2328 2950
4429 4656
1822 1928
2647 3243
9229 9727
5248 5575
8468 8679
9198 9242
3166 3730
8795 9125
394 801
4468 4508
6537 6570
2795 2828
5951 6270
4717 5085
8852 9366
2530 2562
8334 9016
318 649
4359 4889
6402 6454
4112 4895
8112 8484
9014 9713
5035 5619
3665 3760
2291 3016
2701 2922
4722 5272
5415 5807
4954 5694
3551 3901
6869 7057
337 805
7835 8009
206 479
5949 6539
3046 3671
9017 9207
6489 6806
1958 2460
6407 7109
5670 5896
6425 6591
5344 5496
7141 7328
40 124
6802 7147
169 364
1115 1343
3072 3073
9409 9871
3599 4005
1224 1781
1163 1480
4931 5160
8276 8683
7616 7978
232 430
4551 4975
9570 9835
5168 5304
1938 2185
3250 3996
7920 8184
3018 3272
7930 8678
9415 9546
4442 4695
9236 9567
8655 8915
1595 1609
2100 2654
2107 2673
4231 4855
5259 5343
8132 8360
3040 3072
5721 5736
4545 5312
2516 3121
4580 5369
8278 8965
9127 9183
4376 4636
4614 5403
5530 6091
3324 3767
5680 5760
9295 9540
1121 1580
4984 5672
80 868
183 641
660 719
7675 7844
7168 7939
3695 4204
5782 6467
3906 4623
4407 4595
4261 4627
1321 2089
6246 6787
1131 1636
651 677
663 1280
8168 8419
7130 7573
7590 8125
6698 7100
1605 2366
9358 9434
1704 2064
1449 2236
3894 4497
2707 3263
2556 3281
1193 1905
2806 3575
1197 1401
5672 6144
6575 7314
8941 9027
9348 9899
5052 5706
9309 9544
4643 4928
220 291
8356 8697
7651 7717
6951 7548
559 1001
5621 6301
9592 9842
3047 3602
5180 5513
761 960
244 781
2740 3472
3204 3962
7931 8423
9074 9761
8544 9327
7239 7811
1673 2325
9056 9474
22 294
5544 5588
3668 3727
8895 9239
8521 8978
6007 6382
207 270
8474 8860
583 1078
1837 2630
2494 2933
145 891
4474 4859
5786 5874
7485 8019
1171 1209
3340 3703
9383 9892
5427 5514
8509 8671
57 111
2184 2495
1558 2045
547 604
8435 8771
5166 5257
2171 2412
4926 5107
236 515
5762 5788
3183 3209
3032 3655
4709 5419
8190 8638
5951 6645
8474 8931
985 1601
5324 5654
502 536
1580 2279
6223 6545
9336 9536
5706 5797
7007 7288
9197 9236
9090 9415
8673 8711
5834 6370
7704 8033
5432 6165
4925 5366
4958 5101
5242 5622
132 547
2629 3306
7844 8433
3664 3861
7702 7745
3778 4050
8212 8316
1852 2559
3779 3955
8037 8311
909 995
6912 7014
692 1053
2188 2687
7758 8132
2043 2308
3043 3669
1306 1942
8316 8718
7046 7598
2063 2815
1080 1384
1739 2336
1916 2486
6352 6632
15 426
7594 8225
4597 5229
6454 6975
6425 6837
4385 4498
7988 8180
6816 7346
816 1246
2470 3244
5440 5718
2602 2919
2201 2600
3854 4498
9237 9241
3591 4187
2078 2716
45 99
4931 5353
1328 2102
616 928
9734 9808
5767 6191
4161 4596
6317 6797
4553 4617
3697 3943
5804 5954
8776 8955
878 1205
7978 8380
112 179
6189 6832
326 926
5651 6271
1948 2152
2739 3360
2003 2359
6426 7104
8195 8199
7790 8348
3185 3539
8881 9536
5265 5881
7837 8623
3401 3422
3345 3963
1700 1787
5611 5841
5272 6018
4601 5127
9245 9344
3026 3802
9399 9568
1097 1572
1318 2022
8223 8956
6351 6434
260 649
6504 7058
6434 6858
6190 6556
587 1233
188 272
2633 3176
3135 3741
4408 4520
472 805
2216 2877
7559 8242
3029 3617
861 1246
6253 6412
6849 7372
1512 1718
7460 8189
996 1740
9483 9743
9442 9745
4944 5056
6491 7083
2920 3242
7752 8419
9225 9509
5617 6376
1354 1689
9220 9660
2957 3178
2206 2412
6000 6055
5245 5646
6436 7126
8913 9258
5019 5351
7331 7667
1002 1665
3305 3423
7911 8080
3682 3806
7984 8538
3030 3742
9446 9921
4495 4653
8780 9225
4206 4433
7093 7765
973 1663
6207 6800
4676 5448
1122 1237
6343 6609
9222 9267
2656 2772
3870 4536
4041 4367
4191 4871
9261 9625
2719 2919
5025 5499
6759 7415
811 1545
7931 8429
3522 3542
8279 8438
2713 2807
6302 6866
5923 6303
5535 6004
8609 9262
5338 5817
7694 8416
7921 8361
7383 7809
5941 6167
7022 7128
3450 4045
9065 9520
9024 9722
2309 2786
3200 3611
8452 9224
8688 9354
924 1193
8097 8397
7740 8517
8700 8930
3007 3442
6889 7055
6644 7053
2300 2364
6577 6993
9642 9947
9273 9992
8002 8355
2434 2953
3007 3782
4460 5255
6852 7226
610 843
5787 6498
4670 5342
2570 2894
5253 5750
6037 6829
3993 4071
1280 1592
3705 4165
7342 7738
7955 8117
2232 2805
5439 5507
5671 6064
976 1577
7858 7888
4178 4674
7655 7840
100 613
3759 4320
1147 1194
4001 4735
2671 3031
7425 7796
8708 8795
3348 3478
1244 1419
1087 1564
1524 1937
3911 3953
6016 6733
9110 9322
6921 7434
1547 1935
6335 6755
2774 3546
701 1443
1785 2220
1446 1742
9520 9924
5791 6549
8322 8670
6503 7253
9026 9560
2379 3111
817 1402
6484 6632
4755 5550
342 756
8055 8502
29 592
6055 6215
8449 8737
5483 5568
164 399
7550 7893
8793 9306
6175 6841
353 938
1821 1996
6127 6303
5038 5650
8896 9620
3251 3272
2496 3108
1788 1874
737 767
5002 5023
5255 5459
8133 8832
4303 4348
4474 4886
8646 9332
9022 9413
5911 6618
3146 3351
1018 1629
5637 5804
6208 6795
9247 9371
1207 1483
4398 5181
4312 4566
520 684
5894 6365
9459 9678
3528 4075
6454 7224
772 981
5088 5110
3250 3574
73 95
7156 7810
8575 9145
6567 7063
4533 5091
4446 4727
4797 5141
2633 3197
4671 5115
6515 7273
8423 9101
8357 8986
6600 6915
9273 9700
4742 5496
8409 8547
2100 2770
8088 8115
251 645
7721 7889
3277 3955
6111 6801
2365 2616
602 998
7570 7855
6310 6816
1871 2051
8587 8957
7702 7741
8328 8983
8020 8696
2675 3314
7039 7571
6190 6377
8851 8945
7628 8019
3195 3503
4439 4601
9629 9685
2074 2456
3651 3726
2437 2540
7584 7590
4036 4770
8036 8423
6492 6676
9576 9849
3894 4692
2872 3023
388 485
5188 5665
3593 3754
5336 5797
7451 7776
3009 3361
24 286
3973 4419
473 657
295 837
8803 9511
9319 9448
9525 9572
3829 4474
330 1036
4934 5556
5073 5866
7912 8105
3595 3929
8112 8815
9032 9040
3855 4446
3730 3994
3710 4378
7073 7387
2810 3481
7765 7995
5620 5736
2689 2784
4662 5100
1840 2003
4957 5526
5313 5937
1595 1638
1080 1170
7015 7674
5272 5548
1404 2185
5472 5494
6612 7261
5462 6056
3114 3420
8998 9632
2882 3678
7093 7222
6863 7113
4233 4829
705 793
5639 5928
3296 3351
4530 4536
6836 6848
3056 3553
2679 2690
5636 6388
6206 6436
1042 1805
544 705
8252 8836
7976 8159
235 315
9157 9501
6145 6359
3843 4026
18 175
6741 7395
8873 9209
1987 2541
5347 5869
6014 6777
2468 3224
5732 6198
4717 4760
2745 2822
6329 6836
188 737
6267 6820
1566 1820
9035 9530
5550 6028
8885 8941
8771 9104
2669 2921
295 876
7306 7367
2546 2684
1008 1126
899 1011
8709 8975
90 306
8135 8542
3472 3797
4999 5511
6936 7666
1426 1655
9338 9823
4583 4862
6717 6824
5914 6318
131 277
4430 5159
1010 1262
6992 7482
3577 3680
8332 8840
8390 8906
5289 5951
7987 8540
8614 8871
2659 3092
3444 3969
6491 6877
8738 9369
2543 2694
9744 9922
8594 9319
2381 2384
8883 9390
6067 6538
7261 7285
8218 8589
9462 9509
3734 3902
50 558
6287 6791
1008 1484
8797 9181
3539 3795
6416 6879
4807 5122
8178 8729
6910 7330
9563 9666
8865 9613
1775 2169
9312 9813
9019 9095
8537 9118
315 343
5889 5974
1218 1708
8262 8544
6359 7027
2178 2357
7477 7637
3995 4043
56 178
1267 1959
8013 8144
5459 5507
6519 7168
8299 8498
2981 3495
3514 3652
9430 9637
6358 6841
8608 9071
7068 7318
4272 4615
6097 6153
4697 5267
658 984
3816 3873
2833 3046
9589 9969
5331 5512
9252 9582
3420 3743
4244 4365
3762 4513
7852 8340
6514 6710
4308 4816
8348 9024
2347 2970
9817 9925
3525 3835
4620 4797
6374 6718
6804 7314
5986 6663
1991 2738
6374 6894
6015 6454
63 632
5791 6591
6339 6835
8567 8929
9195 9746
1833 2558
7622 8370
1635 2116
6505 6646
2028 2486
3829 3912
598 1263
1381 1593
784 1578
5023 5754
1409 1657
2329 2810
3462 4044
1609 2115
142 563
5493 6010
5842 6494
8483 8891
15 545
862 1203
5093 5717
5191 5415
6117 6690
1879 2602
1229 1569
6553 7013
8947 9038
554 1198
3638 4329
3960 4256
8883 9557
8418 8636
3713 4504
447 640
2164 2359
1809 2366
5246 5902
4096 4426
1093 1095
3408 3997
4703 4902
8039 8096
6501 6820
3292 3575
2872 3419
5493 5820
3498 4283
9545 9580
6475 7064
2557 3276
2440 2758
7698 8085
474 847
4853 5637
4508 4709
4081 4605
9467 9563
7897 8552
1284 1721
4071 4449
5188 5261
2435 2743
7387 8008
6543 6912
2757 3431
3144 3154
4560 5101
6393 6535
5010 5598
2286 2948
1646 2371
682 1326
3229 3676
5380 5808
187 618
3496 4186
7315 7469
647 840
8762 9102
6541 7223
3831 4587
7065 7839
1844 2336
4477 5032
3893 4358
1439 2066
7077 7253
9678 9763
5969 6607
4768 4925
7374 7748
1448 1819
5066 5514
4515 5148
1184 1904
6276 6546
116 435
9493 9628
5982 6092
1133 1294
7712 8146
2099 2198
9460 9541
3248 4045
288 671
8963 9037
3514 3739
8600 9228
2698 2944
7237 7527
448 591
2178 2913
7992 8745
2157 2281
7407 7692
2444 3031
3065 3535
5548 5648
7336 8004
7663 7855
2048 2612
9742 9770
7467 7944
8710 9161
1261 1363
3356 3617
4626 4924
8600 9097
6691 6808
6341 6410
7762 7813
8041 8817
1398 1878
2850 3640
3898 4251
64 233
8514 8952
8482 8863
6861 7568
7639 8088
206 965
9358 9764
4320 5037
6004 6647
1685 2073
310 838
2065 2595
9071 9393
2132 2208
3395 3709
7081 7514
4991 5503
4331 5072
7521 7663
9154 9678
3257 4057
3022 3767
7190 7431
9376 9645
9358 9576
2780 3513
6398 6950
8881 9077
1449 1729
9263 9688
6843 7439
4006 4241
5633 6164
6326 6636
5886 6363
477 1167
1109 1307
2817 3485
6825 7201
7981 8713
5105 5166
7464 7751
6959 7240
3204 3762
1894 2407
6638 6745
7498 7858
4379 4990
5455 5811
126 641
9113 9645
3627 3677
7299 7945
4463 4729
393 683
6473 7200
484 553
859 1152
6068 6132
3595 3735
9272 9276
282 1066
7340 7392
5389 5685
2284 3057
5537 6109
2395 2675
7316 7579
4416 5075
3990 4076
7192 7698
481 794
5968 6250
5562 6192
3689 4253
444 532
3891 3924
5990 6415
4292 4917
6509 7037
5764 6320
8827 9591
9092 9512
3206 3794
1670 2372
6071 6433
512 552
6651 7347
8965 9235
5386 5505
1349 1848
2853 3502
3532 3956
4194 4348
7528 8115
5000 5484
7559 8357
6419 6502
7860 8598
1363 1602
6988 7594
1129 1546
4472 4690
3095 3312
7000 7587
3048 3739
867 915
2376 2855
1762 2327
9805 9975
568 1015
1368 1964
526 1003
1124 1853
260 481
5566 6034
3302 3435
726 1251
5187 5748
1052 1539
7793 8302
3535 3867
5568 5743
3652 3704
7252 7523
7160 7473
170 308
2029 2795
710 868
4051 4778
974 1737
6385 6644
186 229
8726 9165
658 664
4372 4980
2258 2577
6365 6556
1462 1993
4431 5066
2261 2599
5679 5909
2103 2444
6567 7177
3578 4097
354 646
4999 5567
1790 2102
3982 3996
4040 4621
9469 9948
7189 7217
672 1227
4363 4732
4413 4583
5980 6002
4175 4262
2108 2802
7041 7477
2791 3056
4549 5297
8141 8255
2573 3299
5650 5826
1015 1148
1373 2013
2003 2115
52 469
3298 4083
3010 3106
5025 5384
7190 7472
7275 7626
2454 2785
7587 8171
8088 8430
7640 8393
6228 6959
7069 7221
9230 9549
6788 7119
4099 4835
9020 9532
5176 5582
9282 9558
4743 5191
7824 7938
309 1086
4264 4596
4452 5178
5720 5748
7202 7789
5312 5509
3991 4687
2376 2544
1038 1566
3535 4095
4918 5661
8928 9019
7135 7417
6231 6672
3098 3675
6027 6402
4935 5463
4484 5164
2631 3295
6786 7350
2275 2640
4368 4641
674 1337
4299 5021
6063 6251
3038 3243
3604 4194
3217 3815
7512 8270
3667 4422
266 665
2919 3531
3753 4058
9470 9963
1938 2263
8199 8609
7279 7788
8513 9164
722 1010
2982 3514
5047 5056
5211 5507
3663 4102
5819 6587
8120 8278
4960 5491
8508 9149
8428 8809
2896 3601
2943 3285
8537 9200
8442 9095
5499 6116
926 1391
5166 5274
4466 4573
4024 4428
7192 7367
3984 4091
8586 9278
4836 5382
2398 2923
4326 4593
8425 8821
5827 6607
2606 3094
2498 2987
2716 3148
6058 6718
200 956
3704 4384
305 733
2409 3048
8196 8870
6362 6970
1731 2352
4110 4736
969 1717
3382 3776
8070 8800
4919 5718
9560 9622
680 1018
7971 8477
9285 9915
6464 6974
2798 3417
2993 3294
9658 9825
56 103
142 718
144 872
7307 8066
376 780
6601 6815
5891 6591
7143 7619
7234 7940
5836 6306
16 237
6388 6712
5592 5733
2547 3287
6247 6961
512 1021
207 570
6951 7067
9108 9163
457 655
946 1166
6282 6327
7814 8010
3315 3420
4008 4621
6524 6993
2767 3531
6912 7575
4684 4780
5955 6686
9159 9806
3237 3622
7603 8367
9521 9532
2227 2674
1360 1932
2709 3108
8874 9292
4234 5002
636 1004
154 932
9485 9774
827 1009
8147 8698
9171 9770
1417 1443
7810 8020
764 815
1267 1454
5077 5621
4243 4344
1038 1714
7996 8196
6201 6602
1920 2330
1783 2350
7916 8469
2744 3393
3129 3375
5093 5378
2552 2940
787 1501
9526 9888
4687 5101
6706 6833
9626 9889
3211 3366
5746 5809
9314 9525
9312 9792
9108 9110
4033 4807
8752 9410
350 531
6875 7182
2745 3395
2045 2839
5069 5563
8864 9049
4121 4369
4811 5226
8624 8640
7539 7939
231 1003
6602 7302
1479 1713
5786 6323
8292 8804
2161 2524
4383 5083
9160 9603
5751 6100
3511 3731
2020 2240
5892 6364
696 1376
8656 9409
8976 9073
2561 2811
1824 2437
8963 9318
1505 1698
194 839
1833 1834
482 606
2761 3106
2976 3187
5085 5623
4027 4160
9242 9618
1843 1934
1532 2052
5515 5956
6644 7122
2426 3045
1522 2091
8624 8725
5711 6357
4309 4804
9058 9378
5096 5219
6213 6257
5197 5479
3547 3732
4034 4279
6720 6726
7774 8089
8037 8568
9411 9499
3622 3895
9618 9695
2703 2997
1528 2077
2124 2172
4691 5085
5761 6162
3248 3950
5153 5594
5355 6006
2666 3152
2748 3150
1446 2196
8028 8332
5707 6464
1021 1730
1578 1597
535 585
7259 7914
2752 3475
8885 9645
5122 5623
8088 8693
410 712
7654 7917
5435 5813
8416 9177
1504 2203
300 481
2220 2998
8062 8670
8750 8845
2759 3360
6139 6480
2677 2746
9624 9668
1929 2293
6413 7057
8118 8158
4991 5088
4035 4657
2945 3263
6729 6764
3113 3139
8588 8996
52 615
944 1306
6484 6878
3793 3957
9092 9608
1731 2061
406 754
5177 5239
2775 2869
968 1169
1680 1792
2235 2803
2225 2795
5030 5814
4617 5191
6694 7092
9679 9818
2802 3227
8794 9136
9505 9908
8167 8585
1247 1746
4399 4409
3967 4726
3262 3433
5942 6690
1325 1505
3813 3965
3851 4165
5748 6210
4027 4609
4890 5509
5361 5431
1337 1605
6028 6377
43 475
8682 9333
9338 9706
6521 7042
567 600
737 1129
2983 3762
3956 4294
429 1004
4857 5004
9488 9748
3276 3643
2274 2669
9312 9591
1491 1634
1624 2325
720 1496
4179 4335
2419 2637
8016 8596
6396 6958
2708 2810
1177 1587
6551 7312
3302 3707
3344 4041
5627 6250
1085 1267
842 1603
8098 8600
5414 5423
901 1191
3423 3668
34 453
9476 9788
3847 3877
3276 4066
2216 2525
3748 4227
503 1047
1637 1808
9523 9591
782 1077
6754 7467
4688 4888
7824 8495
2061 2806
479 1239
7351 8121
7634 8352
7720 7786
958 1718
275 611
6152 6930
283 955
9269 9437
49 821
7172 7653
7374 8163
4121 4294
2186 2938
3410 3841
5118 5578
4321 4350
2879 3486
5414 6186
5234 5724
3863 4264
6232 6598
1949 2007
6459 6622
3285 3658
83 489
2264 2393
8092 8655
6780 6865
5840 6616
2858 3338
2555 3123
8995 9342
4492 4814
9350 9433
9589 9623
2641 3266
8930 9300
8690 9171
149 385
7961 8697
375 503
4167 4269
2719 3412
1824 2436
2131 2804
6699 7229
6472 6535
885 962
867 1255
8725 9465
5079 5805
1988 2225
5472 5884
2138 2266
2105 2169
2099 2333
5525 5684
1962 2239
9606 9826
922 941
6767 6799
8050 8628
4172 4739
4234 4686
8447 8693
2024 2411
1947 2248
5597 6190
4945 4992
2100 2288
9419 9840
5929 6059
9332 9420
2 258
2538 2650
6164 6339
4881 5563
6194 6976
932 1227
1670 2192
8095 8459
5315 5893
1247 1827
1796 2023
8763 9525
5032 5533
4264 4882
9572 9592
9022 9740
940 1170
5393 6092
4480 5161
1992 2594
5599 5930
5876 6541
8003 8803
3014 3481
3543 4237
885 1491
7440 8036
5008 5626
3444 3821
8359 9035
55 216
3942 4627
6878 7437
1468 1579
2640 3118
5821 6618
9712 9865
4066 4526
9460 9979
1226 1982
791 1550
2618 2952
2428 2692
9323 9473
4803 5163
3835 4395
3212 3984
6397 6781
6514 6624
8531 8852
5408 5696
5374 5920
2115 2385
1404 2100
3489 3823
2155 2722
1426 1429
6357 6659
8844 9484
6806 7100
4032 4380
8655 8908
1455 2225
4448 4550
5131 5453
4145 4451
2602 2853
1859 1860
4083 4364
3319 3734
7877 8307
2888 3397
2977 3519
3983 4456
5786 5856
2317 2828
6772 6853
2758 3450
4216 4346
1586 1816
6337 7136
8323 8572
7457 7882
5766 5901
5458 5625
7635 8131
3970 4392
4289 4926
7464 7762
311 693
8632 9282
6286 6570
8630 9292
1215 1281
6369 6993
1392 1431
9288 9720
8836 9209
2631 3117
2551 3324
4441 4863
8861 9418
6500 6572
4958 5512
4983 5417
7930 8662
5736 6134
6771 6784
5609 5795
2249 2250
7823 7872
2805 3589
9202 9755
596 877
1592 1718
9236 9671
1930 2216
4645 5402
7819 8573
7504 8270
7600 8132
6253 6466
8035 8104
5549 5897
9247 9560
1069 1103
1049 1191
3610 3815
6381 6550
1479 1966
2644 3083
265 996
370 680
6362 6932
9422 9844
6546 7036
6973 7476
8445 9106
8899 9122
673 963
9834 9875
5055 5665
1204 1500
1235 1752
5142 5695
2090 2790
3889 4350
5491 6066
6861 7185
5676 6474
736 1402
8931 9339
761 1171
9236 9420
3943 4708
1813 2193
2336 2947
2736 3023
1686 2110
6574 6821
1760 2083
5306 6105
6485 6760
3615 4372
5386 6002
4251 4662
549 1166
5188 5822
6592 7277
7338 8096
552 693
5490 5612
4491 4685
9910 9958
6728 6804
3263 3524
6840 7380
5533 6169
5475 6128
8773 8998
373 629
8834 9085
8649 9071
968 1026
2923 3695
239 325
3775 4245
8467 8818
4574 4588
6996 7496
1406 1454
4637 5336
101 789
7436 8165
4629 5265
785 925
2874 3556
8500 9190
2172 2401
2314 2741
6886 7034
4189 4813
68 109
4482 4824
3757 4423
4356 4742
6381 6694
5391 5498
1104 1194
1430 2065
8902 9260
8321 8725
9112 9574
247 305
7700 7972
6473 6634
7114 7547
1026 1328
5889 6376
600 703
5634 6182
3125 3192
249 852
3728 4514
6939 7595
5976 6150
7120 7148
1640 1817
9402 9469
8375 9151
2579 2584
7238 7767
2048 2455
9603 9970
1956 2711
1781 2223
235 949
1338 1592
4114 4877
9284 9596
1984 2179
2091 2377
5237 5915
6499 6530
6085 6210
1862 2591
1733 1892
5544 5644
7977 8264
3922 4572
527 1282
3860 4421
9415 9466
235 934
3851 4505
9313 9746
7456 7782
7577 7594
3899 4385
61 591
2101 2368
6396 7088
132 362
8173 8761
3416 3742
3884 4626
7655 8351
2873 3509
8730 9001
7305 7415
6730 7135
8320 8743
4497 4636
6135 6228
283 712
5917 6623
1066 1151
4420 4893
8865 9387
6922 7031
5137 5270
951 1694
7127 7434
9236 9732
4242 4947
4326 4817
5773 6359
5416 6173
6321 6675
8485 9103
6370 6741
7837 8539
9332 9488
2663 3210
621 722
3431 3813
4586 4870
2240 2248
3853 4570
5091 5105
8137 8245
5 721
5604 5975
4643 4687
5052 5223
6590 6875
6378 6917
2717 3441
8356 8993
6335 6944
850 1396
8260 8814
7311 7525
7537 8256
5338 5511
8936 9102
7441 7875
2680 3162
3136 3337
2386 2962
845 943
6359 6926
1000 1174
4652 4984
9153 9181
5639 6137
1855 2623
3878 4523
2150 2440
791 1540
2708 2928
201 434
215 230
5148 5177
2698 2719
5342 5644
9061 9623
1113 1261
1518 2308
4049 4410
1609 1917
6379 6440
3326 4059
8005 8375
1818 2133
100 118
99 811
7002 7560
7273 7530
4476 5094
1557 1821
7958 8469
2040 2203
969 1678
786 1129
1404 2138
7446 8160
1953 2459
9506 9798
7109 7315
8734 9183
668 1190
8439 8712
8370 9036
4948 5308
857 1209
5922 6584
8457 8809
1803 1841
3703 4306
3884 4496
6939 7183
1810 2604
8627 8798
4820 5386
4597 4913
259 1006
3494 3627
6375 6724
6381 6553
9187 9899
7822 7919
1857 2494
6211 6829
34 50
5882 6083
7285 7298
891 1060
6747 7466
9577 9977
418 437
6313 6931
1812 2093
3677 4464
2228 2312
2433 2779
3183 3412
8178 8702
5087 5299
2303 2656
9120 9231
9654 9846
2705 3252
7918 8436
23 789
499 789
6403 7138
5254 5939
7466 8249
8635 9172
2472 2779
8532 8606
5196 5679
1297 2056
4129 4660
4467 4638
6600 6847
1708 1720
8691 8702
8299 8722
9335 9760
3564 4142
9207 9630
863 1366
8987 9468
4505 4822
7744 7786
6509 6861
7259 7612
2686 3251
6062 6188
5905 6622
3235 3417
333 937
7710 8417
8465 8620
6417 7197
6729 7100
1112 1733
176 707
1697 2135
8643 9227
19 414
5050 5643
148 589
3836 4331
4954 5153
7859 8472
134 883
6060 6482
1636 1692
9503 9609
6354 6587
1901 2151
5574 5760
2560 2883
2524 3137
6636 6657
2872 3294
1728 2132
8245 8436
4042 4686
7481 7558
5747 6500
9076 9122
7975 8232
9610 9795
2264 2506
981 1720
9354 9425
735 1478
1335 1845
5924 6055
9828 9847
4223 4991
7228 7267
744 747
6355 7087
6109 6340
152 221
8801 8941
8339 8378
7131 7715
5357 6069
8478 8816
3317 3856
2762 3539
6952 7598
5544 5553
130 529
3329 3698
4334 4461
219 470
3315 3586
3505 3624
3390 3839
9894 9943
6527 6841
414 1180
7192 7332
1015 1474
1800 2053
4725 5461
5118 5341
7272 7771
686 1201
4538 5249
7513 7640
480 1276
3832 3959
6311 6847
4897 5657
7056 7318
2148 2258
2814 2998
3844 4584
4097 4383
6080 6768
364 399
8696 8932
2183 2586
3875 4432
2161 2308
1200 1738
5413 5861
9235 9836
2773 2834
753 1316
139 606
4589 4866
9369 9697
5710 6156
8183 8591
759 944
7759 8247
6632 6649
1285 2074
4145 4178
5477 6107
8182 8904
5911 6241
8729 9348
4409 4586
1158 1212
3081 3112
6428 6970
6151 6857
4384 4500
7540 7547
8820 9503
7576 7812
5535 6136
4130 4438
9282 9662
5641 6133
8407 8430
7692 8331
3552 4226
1873 2398
5326 6090
2096 2548
6270 6720
3445 3804
9133 9537
3502 4164
7716 7984
261 294
97 427
2908 3524
3472 3655
9431 9757
394 415
174 359
9591 9638
719 844
4994 5035
6980 7761
6786 7228
4878 5407
6148 6295
2612 2843
8486 8542
3496 3760
2115 2308
6657 7438
9157 9684
7057 7329
1957 2311
8089 8752
9814 9869
4098 4493
305 966
4914 5531
4859 5039
5246 5566
1419 1861
7270 7961
5712 6478
4326 4674
8095 8706
8795 9029
7642 7653
3126 3693
1897 2630
6312 6317
9573 9724
8775 9129
9552 9959
67 193
808 1592
663 683
8553 9335
6619 7381
1011 1364
7139 7594
4160 4442
1049 1636
3246 3595
2066 2485
9626 9965
8273 8358
5396 5479
4318 4922
812 1554
110 533
5392 6176
1875 2582
1232 2029
6170 6520
9040 9443
5816 6283
7762 8276
5466 5826
2909 3383
2388 2850
4947 5575
414 928
4387 4466
9062 9591
5614 5909
468 702
6884 7452
2330 2648
5727 6084
8988 9512
6380 6853
8754 9293
801 904
9653 9800
8302 9087
3084 3152
2412 2945
4071 4177
5223 5562
1033 1566
4964 5607
8091 8588
1543 2123
4956 5650
516 1009
4505 5026
2471 2600
3920 4320
3094 3099
2479 3249
1249 1742
5760 6335
7801 7974
5116 5318
2325 2734
861 1217
5932 6262
4707 5408
968 975
2033 2739
6881 7427
1390 2036
8492 9214
5921 5938
830 1393
9743 9859
8924 9198
5671 6470
1664 1796
988 1496
4743 4798
1422 1656
5445 5495
272 547
7986 8014
3857 4618
3469 3525
725 1301
1469 1964
6577 7345
1820 2390
906 1314
1261 1868
3392 3554
1869 2651
306 769
8464 8734
1240 1448
6451 6963
3261 3563
3053 3810
488 1249
5018 5259
6137 6908
269 443
6286 6291
6193 6601
7551 7964
1294 1338
2670 3293
4338 4892
8264 8299
9119 9817
7879 8026
9267 9741
4880 5651
7519 7752
3142 3331
1131 1266
8913 9413
3356 3859
889 1291
4554 5060
9308 9887
3090 3506
9565 9776
9336 9718
4076 4472
7879 8585
8993 9198
1924 2031
3887 4052
1468 2139
8631 9000
8775 8891
3332 3567
66 407
709 865
6953 7229
134 320
8055 8203
1322 1498
8745 9273
3578 4090
5922 5996
6848 7459
5426 6073
6633 7152
4955 5059
8729 9280
7774 8430
5912 6520
8242 8264
6698 6780
5107 5473
388 558
7866 8111
2071 2546
7991 8099
7411 7544
8744 9057
1536 1579
6160 6474
1694 1696
1217 1355
6899 7135
4442 4577
7163 7705
8259 8888
6903 7461
2347 2534
8232 8953
4510 4911
4073 4408
7499 7740
6817 7581
5903 6656
3228 3260
9165 9275
6775 7271
4944 5184
5413 5941
6714 6812
4835 4979
6803 7582
6798 7075
9090 9644
3869 4158
2199 2436
2612 2969
664 798
7947 8644
7214 7694
3593 4304
2464 2889
7560 7561
8865 9328
8670 9086
8671 8899
6824 7009
6313 6456
4333 4495
706 1063
2289 2611
7217 7218
1411 2005
8539 9267
2563 2760
2970 3563
7423 7488
7870 8658
7788 8375
7328 7748
3772 4533
2898 2944
9105 9432
5166 5471
4368 4419
2852 2863
972 1261
9640 9974
6192 6385
3823 3840
3715 4365
2631 3408
1644 2238
5649 5853
4488 4977
4605 5391
2693 3466
121 324
2333 2811
9308 9828
9446 9509
948 1038
6141 6180
3870 4222
5779 6082
101 849
845 1380
138 168
7023 7355
7377 7893
2763 3306
9470 9561
9798 9801
6858 7264
1761 2418
4062 4338
7846 8022
722 1300
5816 5827
7961 8206
166 504
2743 3241
5571 6113
4402 5002
1225 1661
4827 5106
7679 7691
6663 6942
5983 6328
190 223
1773 2015
3608 3766
1761 2456
1871 2004
1472 1711
3697 4265
8048 8588
3256 3582
1841 1978
4960 5153
3375 4063
7159 7433
9206 9892
6296 6683
901 1395
243 405
3406 3446
5767 6522
4196 4197
442 607
626 769
7682 7988
4748 5012
2405 2508
7913 8290
4474 4798
6970 7162
3813 4265
1176 1243
3592 4051
5565 5624
3072 3166
8535 9131
5924 6127
4197 4266
6237 6370
1544 1659
3754 4087
7288 7408
4562 4960
4192 4352
4668 4729
1852 2243
7185 7523
350 450
9209 9872
3356 3509
9268 9507
4616 5288
186 214
2829 3179
717 1268
273 366
904 1509
2969 3602
7795 8530
2637 2694
8007 8621
5936 6363
587 1020
2454 2888
642 1160
206 558
4721 4792
9061 9151
3459 3949
7920 8045
4314 5042
9332 9404
7512 7590
3178 3243
4625 4842
1086 1449
9481 9555
2321 3103
3522 3695
7779 7955
8548 8838
8528 8659
9118 9719
297 609
2649 2765
3520 3601
1371 1463
6599 6994
5676 5678
7605 7948
6673 6920
13 94
4849 4998
3755 3917
7383 7544
9202 9603
3310 3735
1976 2383
7484 8213
6354 6810
69 660
5994 6013
1979 2714
4054 4782
8204 8943
3937 4372
5505 6145
5827 6560
6080 6352
8628 8982
8865 9559
176 816
6991 7538
3356 3856
7699 7972
1603 2140
6114 6133
5650 6241
6062 6228
3420 4032
141 440
4480 4794
6516 6898
2115 2631
219 476
7736 8394
7397 7885
1619 1855
1161 1826
1104 1424
2949 3337
3740 4211
2855 3481
2974 3768
1955 2440
4880 5636
5952 6019
7484 8028
138 824
8609 8964
2414 3182
4680 5454
9383 9676
6150 6403
2977 3166
412 432
2694 3371
4762 4834
4942 5530
4313 4575
768 1530
5566 6101
6877 6983
6357 6800
7471 7505
8201 8676
3727 4277
3484 3632
1361 1432
5461 5684
6667 7442
9338 9976
2334 2453
4444 5200
3711 4406
1597 2353
6045 6104
1916 2250
9415 9756
6215 6264
5571 5961
7132 7325
4175 4290
8186 8573
5813 6053
4684 5219
9929 9987
1390 1995
7653 8111
558 1357
6674 7084
8635 9090
8543 8789
657 937
9118 9620
3755 4172
719 1427
8747 9009
5535 5940
5964 6480
2403 2674
2179 2243
2785 3412
2444 2520
6874 7117
6490 7209
7420 8173
3277 3551
9080 9201
456 981
4498 5148
832 1284
5677 6120
4747 4931
511 859
7739 8529
5653 6289
6836 7388
6115 6747
7241 7835
4444 5188
9196 9514
4010 4687
6423 7058
6884 6900
4804 5216
3355 3651
5002 5736
8598 9004
5708 5933
2224 2765
3389 3640
3531 4255
2906 3377
8963 9704
8107 8380
7610 8146
2873 2887
3178 3331
1568 2147
8520 8952
1655 2259
905 1516
5814 6341
3935 3968
7116 7304
4109 4468
7111 7128
9755 9999
4243 4949
6370 6393
406 468
8887 9072
2843 3626
8598 8610
218 747
5102 5790
8613 8736
3287 3551
577 1030
838 938
4141 4223
5713 6496
4446 4667
4318 4684
8126 8825
9220 9647
501 618
5118 5811
2307 2333
2024 2138
1524 1700
6639 7137
7116 7715
9169 9805
2704 3296
7576 8010
3592 3711
9547 9571
5089 5287
3658 4104
1153 1946
5254 5331
6269 6678
8156 8206
352 476
4450 5040
6490 7243
857 1065
1192 1944
3177 3596
1087 1261
41 442
9700 9818
7028 7170
1957 2516
3609 3899
7150 7742
6331 6494
4676 5290
5776 6133
4995 5462
3088 3800
4311 4647
670 1090
6347 6602
9371 9468
9538 9970
8523 8700
27 577
6662 6910
3284 3343
8623 9052
8054 8226
3861 4203
7704 7861
6146 6370
8950 9541
5333 5974
4991 5221
590 955
4496 4761
8404 8870
1155 1619
1992 2153
1585 2332
789 1341
2181 2440
4291 5069
6045 6199
9229 9375
1755 2322
9087 9411
8180 8945
2761 3555
3786 4481
9158 9684
7130 7500
1356 1788
7553 7678
7175 7204
2558 3254
2572 2723
4154 4196
2701 3136
977 1020
1510 1716
9208 9591
4307 4819
3180 3364
2269 2815
7803 8365
8603 9229
3629 3889
3628 4264
4049 4462
3108 3221
3192 3847
8859 9101
623 1167
7221 7682
6897 7671
1126 1852
5249 5767
4252 4547
1762 2282
8735 9462
2696 2989
966 1646
5199 5470
5309 6047
7334 7960
4183 4894
2765 2772
424 1115
5275 5915
417 730
5328 5401
8378 8627
1654 1993
7086 7428
4875 5424
2886 3138
3307 4047
3079 3333
79 157
4841 5469
6286 6633
4183 4585
3121 3314
9390 9476
5545 5723
4199 4647
2418 3199
5934 6475
9015 9275
6194 6662
5720 6361
6218 6707
482 1101
3796 4314
8267 8575
2984 3635
1843 2285
4625 5199
4355 4383
346 746
593 1281
9507 9793
7667 7894
7940 8090
2846 2898
8609 8823
5336 5738
6672 6759
2989 3744
1727 2387
8815 9293
1681 2053
8689 9446
9604 9997
4404 4434
1088 1815
8929 9420
4629 5030
3991 4339
4504 4891
3945 4741
8792 8818
1788 2367
3251 4000
1461 1564
1112 1163
1534 1607
102 436
3188 3965
316 623
4901 5108
1640 1954
6559 6716
1323 1486
1158 1907
1204 1517
158 740
1828 2292
5774 5965
9348 9702
8868 9061
6532 6743
9199 9626
4048 4738
2515 2610
9073 9230
1291 1402
8835 9247
4459 4806
5271 5569
7580 7916
3546 3650
6011 6204
4766 5058
5324 6067
6962 7069
6138 6501
6455 6486
5312 5959
2374 2501
4572 4737
7570 8078
4387 4881
7252 7542
7985 8416
4551 4778
2000 2523
5457 5558
2510 2806
1494 2264
1617 1829
6081 6696
5045 5769
3477 3912
7705 8049
9151 9160
7319 7604
4488 5169
277 613
7910 8154
2674 3320
6430 7227
3632 3697
1749 1775
8356 9137
8667 9442
6224 6957
64 353
4717 5035
9177 9535
7210 7384
434 438
2998 3711
3150 3528
433 434
4890 5234
624 1398
9131 9441
5901 6670
186 554
6386 6938
6754 6783
2909 3474
7847 8299
3707 4172
8912 9146
4021 4326
8712 8781
5966 6687
9721 9884
5084 5375
7708 8240
6853 6859
3048 3331
7445 7655
9173 9809
1776 2167
8400 8642
5816 5949
7677 7693
3810 4444
393 705
3260 3515
2157 2175
9642 9972
1968 2628
2478 2580
1525 1547
3845 4447
5851 5859
1525 1994
8171 8323
8492 8783
1960 2385
54 331
8490 8829
960 961
6511 6931
8442 8613
2474 2520
4869 5320
127 524
9118 9225
9206 9685
7097 7438
1203 1668
7237 7509
8627 8792
5624 6386
5685 6310
1000 1692
2975 3547
952 1458
6068 6702
3842 4523
6813 7541
1137 1898
4949 5390
2364 2520
4534 5287
1242 1810
138 707
6171 6198
6338 6514
1917 2382
5447 5742
9362 9637
7868 8472
5322 5833
4141 4660
3386 3532
2293 2956
4195 4658
3990 4038
6618 7266
8405 8727
381 775
3303 3601
2887 3169
1509 1971
4811 4831
210 422
12 760
1598 2349
7097 7270
9370 9963
4102 4322
1414 1782
7964 8496
2062 2268
3859 3946
4841 5503
7257 7545
3104 3191
1208 1681
5232 5266
24 548
1963 2675
8390 9116
1456 2064
1001 1032
4394 4750
5704 5819
5814 6464
974 1555
6985 7525
2657 3031
8229 8667
8218 8943
7305 7385
7921 8330
6759 7452
5293 5761
3514 3906
9170 9355
781 957
263 906
2443 2970
5693 5785
514 913
5580 6321
7393 7432
6367 6598
8482 8850
4943 5516
112 540
4189 4796
3931 4021
7984 8623
5521 6008
6765 7224
9253 9360
8233 8559
1682 1770
2583 2714
7465 8098
373 414
3076 3528
1135 1498
1564 1954
4090 4115
2457 2482
9146 9770
3065 3714
8371 8913
6050 6549
2204 2961
432 493
6024 6310
4533 4726
213 977
3677 3877
6632 7126
738 1315
888 1280
1245 1308
9486 9592
3734 4138
2835 3337
8064 8612
6256 6722
9388 9393
3771 3834
2157 2171
4577 4886
6722 6822
1302 1561
7155 7491
7046 7677
1905 2705
5284 5894
3429 3445
8719 8937
2970 3617
6409 6420
8306 9077
9408 9652
1083 1270
7030 7650
132 694
1749 2327
550 1104
3218 3369
3447 4161
440 1057
1702 2394
8153 8759
5066 5687
1993 2067
1836 2319
936 1603
31 777
5477 6176
434 1104
3743 3820
226 578
9664 9868
5318 5443
4714 5191
7190 7631
8808 8936
4971 5447
6160 6208
4230 4930
6766 7236
4466 4507
6567 6767
7614 8209
9654 9666
2116 2836
4533 4824
6882 7503
7447 7496
2640 3292
515 546
4488 5214
9584 9733
4518 5051
977 1255
6593 6888
4962 5623
8458 8614
5940 6332
1281 1539
212 363
9227 9601
9247 9915
665 775
3419 3433
3477 4030
9155 9309
2968 3233
4452 5048
5918 6022
8113 8684
925 1106
4364 4479
2285 2887
13 205
6744 6987
1828 2398
7154 7446
1015 1316
6998 7438
8581 8650
4219 4324
4126 4524
9463 9609
8797 9547
2046 2727
1783 1882
8082 8247
2767 3503
4968 5117
1832 2609
7172 7330
1200 1949
4624 5166
8198 8880
5434 5975
5592 5657
8493 8642
6579 6947
1668 1862
4176 4510
6142 6816
2710 3360
3975 4232
5096 5224
3310 3333
762 955
6307 6560
2074 2312
7136 7258
6206 6601
1755 2323
242 512
2090 2562
8061 8427
238 751
8193 8916
8942 9326
2665 3405
8320 9031
3482 4047
9900 9941
1123 1688
8420 8962
1392 2043
4496 4943
5915 6008
6274 6669
2828 3459
5004 5707
67 579
2805 3313
297 515
1613 2199
7571 8276
1688 1843
3417 3879
6384 6825
3133 3808
707 864
5396 5412
3949 4627
6790 6953
8593 8991
351 534
6983 7146
3870 4106
3381 3979
9663 9869
3190 3678
2848 3593
9050 9328
8824 8994
5844 6500
8411 8679
4139 4380
1455 1528
4350 4909
6411 6629
3973 4294
5207 5826
240 427
5869 6448
5803 5990
679 1258
3891 4662
5967 6348
1877 1947
9120 9653
556 614
5025 5570
7801 8085
5924 6607
1989 2267
9413 9440
4414 5052
4812 5149
9679 9708
35 511
6494 7183
5382 5676
6216 6938
8488 9047
2351 2746
3214 3259
9665 9842
8258 8868
4780 5017
6348 7070
7225 7378
3136 3716
1572 1950
4587 5041
1245 1456
3861 4290
5179 5451
5990 6011
5771 6253
728 1211
453 1241
7243 7833
7803 8146
6423 7061
292 1075
4674 4761
6320 6564
90 724
2679 2766
5337 5674
105 247
3881 4573
1734 2211
n2
3686 4369
2601 2981
7640 7936
3245 3369
2044 2785
664 721
8865 9285
3424 3717
810 976
4802 4830
