n1
5996 6494
30 252
9896 9987
9112 9201
1849 2219
1002 1795
4319 4466
774 1209
7142 7318
6430 6870
7003 7071
1267 1357
6323 6970
26 168
4380 5124
3151 3194
3282 3465
8361 8746
7342 7516
1827 2477
4972 5593
3044 3579
1653 2347
3897 4253
8502 9228
9023 9425
6081 6437
6651 7185
106 197
1308 2050
4914 5100
4028 4197
7795 7991
88 691
5630 6260
8731 9133
2337 2881
5548 6159
5790 6299
7513 8288
6665 7130
1588 2332
6893 7319
4081 4584
97 837
9122 9255
2888 2920
2428 2656
8575 9311
8209 8267
6995 7167
3587 4036
8048 8293
5036 5706
6071 6451
5326 5928
9304 9868
2408 2416
3577 3871
7892 8402
7185 7608
7017 7079
2858 3171
5079 5202
2599 2876
4137 4924
8870 9320
1723 2193
227 632
8855 9243
1977 2731
7346 8052
7075 7568
7329 7785
4666 5385
814 1037
2219 2382
9279 9535
6679 7285
7606 8027
6919 6968
4242 4272
1968 2761
4415 4617
7894 8068
8278 8378
3352 3699
8261 8452
1392 2101
5424 5775
5504 6176
928 1688
8624 8830
8116 8663
3515 3970
8922 9592
8477 8661
1629 2336
2653 3172
7949 8225
2704 3036
2507 2980
4756 5268
1807 2302
9081 9723
2741 3010
2149 2660
8814 9555
4283 4288
7470 8259
6098 6667
1347 1412
2645 3178
6489 6957
6830 7514
1546 2105
6914 7493
9841 9943
5958 6656
8700 8874
1488 1779
7764 7848
1664 1921
6398 6736
6260 6310
6316 6700
3310 3378
918 1147
5738 5890
7119 7725
3847 4305
9372 9472
3756 3811
2117 2788
8652 8931
3520 4141
8799 8899
7454 7652
6663 7323
5305 6101
4362 4510
661 1008
6883 7271
6452 7063
2130 2215
4254 4345
3365 4079
4560 5048
4822 4933
7852 8258
9300 9426
9825 9961
8330 8566
7363 7375
8030 8593
2864 3647
118 552
1925 2579
3844 4416
564 705
992 1055
8632 9132
9353 9593
4170 4697
4638 5029
7257 7671
8206 8852
3057 3350
8545 9066
6578 6865
9246 9914
4333 4338
480 628
4896 5302
2211 3004
3682 3993
8096 8268
7030 7720
9 755
6966 7494
7054 7453
3572 4126
2106 2731
3165 3461
1125 1449
401 555
2831 3120
2878 3505
1685 1890
3263 3862
524 1126
576 1284
8350 8898
678 805
8703 8884
5805 5958
5668 6118
139 565
574 657
1701 1946
5144 5539
2040 2066
3658 4378
8441 9074
3111 3123
2670 2671
3835 4335
945 1210
1422 1708
1074 1746
6441 7103
3431 3521
9030 9104
5512 5887
3067 3083
8794 9368
76 392
20 375
5389 5637
524 640
6272 6644
9027 9781
3099 3526
6567 7315
180 251
4641 4714
2471 2949
4729 5294
2458 2804
3802 4049
9170 9371
7161 7581
698 1001
4984 5311
157 739
8296 8923
1765 1902
6674 6974
8425 9157
8521 9309
8117 8338
1995 2371
4882 4945
578 684
273 301
177 827
4614 4724
5384 6099
2776 3254
6300 6595
5653 6173
4657 5034
174 521
1268 1702
8987 9563
1624 2363
2416 3084
2380 2906
4463 4798
3846 4494
8499 9080
3470 4093
2092 2253
4682 4994
2073 2788
7303 7504
3585 4123
8751 9329
4553 5006
5085 5271
328 453
7210 7428
7495 7800
2737 3218
9163 9702
3466 3787
3898 4600
9133 9872
4047 4818
2369 2639
1827 2329
6125 6744
3637 3746
1270 2006
7285 7398
8544 9093
5534 6142
9416 9959
9750 9869
4148 4680
7170 7683
6957 7643
9006 9110
8647 9309
3979 4143
3199 3615
3569 4048
1358 1618
3231 3467
963 1412
6666 6702
2535 3130
1075 1844
5292 5382
5341 5691
5122 5656
750 1122
7156 7756
868 1261
3558 4020
6251 6912
5982 6263
9134 9719
5388 5861
5849 6472
3241 3991
7784 8371
8544 8793
2829 3621
749 1347
6864 7173
9454 9567
7790 8044
5605 5634
9147 9845
1090 1687
9269 9513
5650 5742
9860 9999
9487 9913
9355 9470
1392 1715
5669 6049
5763 6558
6101 6298
7860 7875
7276 8022
3191 3207
3411 3971
7877 7902
10 79
75 674
3530 4202
2891 3235
5786 5915
7404 7417
5083 5804
6332 6617
4607 4763
184 750
8807 9423
5767 6486
424 966
2102 2672
6485 7163
5645 6320
5661 5686
9072 9574
2059 2308
2965 3210
8063 8387
4679 5341
4179 4412
4655 5290
8873 9112
9665 9988
1981 2725
7763 7917
1900 2521
5468 5663
7949 8061
9200 9727
2166 2167
2303 2359
1403 2145
7475 7943
3828 4575
7901 8566
3383 4126
4542 5022
8330 9056
1977 2495
1908 2087
2308 2772
5883 6523
6948 7192
6236 6772
1489 1871
392 440
6871 7178
8070 8168
273 724
7241 7883
1928 2647
5738 6187
302 431
872 1218
181 432
5164 5328
6878 7119
1111 1849
1631 1850
5561 6229
7621 8067
4195 4520
692 1101
7621 7632
7445 7668
729 1012
7570 8247
4575 4938
594 1342
5910 6386
8385 8968
2512 2657
7073 7191
2894 3585
4635 5335
707 1394
7293 7385
6460 7186
5654 5785
1692 2112
3381 3550
863 1565
7013 7194
9486 9770
2319 2907
2739 2828
8352 8690
6859 6933
9134 9903
3561 4135
3913 4234
2303 2615
7304 7640
8216 9001
6395 7174
8310 8871
6678 7404
1475 1533
2661 3171
8509 8731
1954 2272
9591 9908
3538 4288
3626 3934
9561 9575
6961 7051
4278 4734
5681 5901
3359 3767
4036 4164
2488 2953
9395 9912
2049 2090
3265 3983
5259 5386
4084 4880
6308 6501
596 1075
8837 9249
9637 9997
8299 8594
8166 8461
7595 8044
5571 6229
814 1373
8350 8466
3913 4672
5584 5958
5061 5594
5431 5436
4131 4756
5269 5886
6578 6932
6286 6653
8921 8991
5333 5761
4683 4828
8475 8854
9280 9743
6929 7302
7696 8355
1015 1475
8028 8423
2808 3346
3636 3948
6945 7721
1998 2499
8230 8474
624 863
9281 9974
30 410
4672 4882
3564 4075
5242 5871
3680 4157
6310 6483
2859 3284
2932 3706
6332 6445
1257 1390
4217 4944
1616 2047
3118 3689
6643 6764
378 914
7034 7821
4380 4930
3258 3435
8680 9467
5849 6323
9233 9329
9481 9805
5459 5507
6059 6322
4650 4993
6785 6904
1589 1757
5395 6095
3745 4273
8385 8612
2414 2851
3756 4013
7214 7356
8917 9693
2310 2839
5721 5731
3765 3851
3166 3678
1258 1755
4162 4802
4609 4742
7963 8720
6527 6756
6417 6710
4363 4924
6172 6636
40 385
8959 9393
7366 7588
8270 8921
7967 8453
5908 6081
688 821
5185 5933
2985 3449
9227 9926
8947 9627
4399 4661
1006 1446
4575 5070
423 1176
5959 6158
7071 7751
4694 5185
521 1258
71 384
7538 8081
1715 2241
1158 1280
6525 7208
3192 3570
1540 1972
4626 5287
8187 8729
7930 8053
6577 7008
432 522
4655 5245
6597 7302
6033 6456
9070 9175
203 787
9019 9532
2405 2983
6560 7155
1724 2019
8035 8642
5216 5902
54 414
3385 3443
1464 1885
3681 3755
2292 2483
4237 4418
3567 3578
9577 9601
2555 2691
302 380
4125 4172
5668 6171
4633 5066
6318 6327
5949 6358
6606 6732
5587 5781
6666 7128
6139 6148
6715 6797
3898 4569
2029 2513
4886 5358
4384 4599
9225 9965
2231 2806
1208 1223
9621 9959
8163 8918
5024 5441
7724 8231
696 1110
6199 6547
1612 2125
4973 5102
8652 9090
571 1117
8791 9485
4687 5028
1238 1900
5425 5848
1926 2366
5988 6763
1543 1902
6419 7198
3788 4341
7623 8047
1188 1405
7453 7831
3622 3656
5668 5805
6635 7140
7835 7957
4855 4940
3635 4073
5383 5686
7926 8279
1713 2311
6695 7426
9603 9735
426 568
9507 9809
4190 4407
5708 5946
2736 3071
2940 3359
9430 9833
1304 1345
2196 2895
9048 9520
221 987
9159 9689
9569 9868
9714 9847
7813 7879
7414 8120
8153 8849
1052 1696
1018 1306
581 1259
7775 8236
5823 6592
3629 4024
4860 5322
5352 5672
2999 3695
9440 9699
4304 4788
4682 5007
8722 9512
2468 2945
2525 3138
812 1141
108 300
8131 8486
9319 9462
5091 5374
5086 5354
1876 2584
94 691
5120 5359
237 609
1963 2323
3750 4457
3818 4002
7417 7636
8095 8275
5073 5404
7188 7753
1022 1542
747 1479
9033 9509
5221 5853
7424 7489
3101 3771
7192 7309
9160 9425
7454 8069
2701 3465
8644 8883
6374 6430
167 807
1732 1946
4707 5068
9707 9711
4673 4992
8773 8888
1 100
551 1141
74 667
2306 2508
1307 1708
3763 4443
5409 5772
333 1032
1530 2306
840 1304
6544 7038
8486 8921
1801 2270
8343 8791
5967 6459
3208 3765
1495 1962
9112 9212
4031 4530
7095 7725
9162 9960
3329 3853
3210 3319
6892 7234
9472 9698
7618 8250
6732 7126
5967 6501
772 911
1746 2485
109 133
7618 8292
9539 9621
5797 6370
1210 1547
3356 3487
3120 3797
1693 1920
7983 8725
6733 6975
5265 6020
1695 1916
2234 2395
2314 2462
1142 1488
776 1429
5591 5866
5167 5655
7128 7399
8151 8496
1431 2075
3875 4462
1060 1735
9487 9705
7495 7742
1896 2605
6964 7336
2029 2187
5708 5957
106 108
4240 4541
1353 2148
8903 8950
6493 6585
5831 6525
1556 1640
4038 4697
1677 1692
4632 4715
8115 8590
5234 5699
2065 2307
96 526
3023 3346
86 871
237 867
4893 4920
7684 7892
399 797
1569 1642
578 579
8293 8652
7476 8215
1700 2156
68 131
3463 3676
5541 5772
6317 6946
7742 7919
957 1595
8481 8742
6283 6748
5834 6263
7347 7486
6857 7558
4877 5245
1551 2179
4762 5047
4145 4807
2865 3495
5112 5429
426 1151
5633 6299
3901 4631
1649 2233
1815 2559
7626 7918
6153 6899
5383 5606
6320 7005
1957 2152
747 957
2757 2995
8286 8983
1071 1861
7928 8542
3413 3633
3287 3357
5915 5943
1636 2200
6924 7089
9712 9996
2347 2537
3527 3590
7650 7739
618 762
7015 7089
1788 2303
213 637
2013 2270
8805 8920
1709 2340
517 613
3299 4047
6346 6829
2603 2896
4709 5380
8149 8629
4959 5443
5254 5857
6337 6514
9257 9589
6295 6674
6979 7604
2174 2405
3647 4023
934 1288
4900 5167
4625 5218
134 323
7475 8160
1567 2151
3565 3625
4465 4943
49 598
716 1188
5134 5422
7918 8537
8395 8598
3837 3911
591 803
4965 5457
6208 6447
4661 4907
9636 9748
4683 4781
7594 7646
6828 7223
6759 6881
6819 6866
1728 2007
6213 6350
9359 9994
768 1467
3111 3151
1835 2372
2090 2321
1794 2387
4074 4831
140 281
1646 1916
8572 8794
1471 1769
5770 5800
1292 1698
7144 7697
7209 7610
6627 7224
8962 9574
2363 2876
3235 3741
7754 7992
3838 4518
5124 5292
9179 9921
836 1020
3047 3226
1835 1841
9198 9915
1248 2002
1132 1656
9611 9821
3360 3423
5462 5705
3630 3998
240 464
6157 6494
5465 6230
6415 6458
7464 7771
5922 6217
9826 9916
587 926
6297 6833
1921 2312
4711 4764
2139 2173
8735 9322
5274 5682
9404 9730
7251 7259
7198 7913
224 758
68 434
1719 1918
2176 2772
9221 9682
5735 6463
9498 9714
9142 9710
1601 1704
2125 2469
2246 2677
606 1150
6080 6877
7376 7808
8863 9065
8405 8882
5866 6069
8113 8369
7231 7447
6202 6614
3747 3917
4081 4563
3117 3482
5960 6147
1065 1491
7650 7902
7400 7887
9320 9740
2329 2424
761 871
8177 8888
6212 6439
8282 8819
8847 9327
586 1154
28 504
9473 9890
4842 5413
1959 2208
3887 3937
9329 9695
3106 3681
2984 3655
3597 3728
3208 3893
4517 5148
4463 5175
3456 3651
1077 1702
1814 2107
5525 6185
4091 4573
8760 8972
8024 8054
6531 6781
428 787
9378 9453
4137 4505
646 749
2437 2701
9107 9426
577 1294
2390 3009
4672 4673
9226 9476
2337 2408
701 851
1257 1961
3096 3410
n2
1012 1562
4927 5483
7207 7760
5911 6641
3508 3700
2058 2278
7076 7562
3706 3991
6146 6804
3138 3263
