n1
5722 5849
546 554
7963 8361
9301 9442
7991 8147
1142 1448
2148 2852
393 737
9552 9554
171 335
3152 3368
2256 2549
6512 6687
3749 4381
7123 7641
7766 8288
7985 8289
3554 3767
7916 8262
6714 7098
1576 2074
4991 5171
6437 7001
6499 6860
9234 9324
2767 2865
8581 9107
7811 7843
1631 1674
171 797
3542 3589
2370 2909
8003 8790
5276 5418
8549 9116
2621 3182
1141 1180
3815 4428
1121 1230
9538 9886
8539 9108
2068 2615
6023 6091
9256 9755
4602 5357
1394 2046
6094 6530
7443 7827
8871 9064
4219 4259
7892 8451
4962 5705
3289 3991
179 693
7164 7923
9567 9739
1096 1605
5443 5812
5488 5935
3670 4066
593 1266
1203 1320
7287 7939
1643 2430
1284 1372
1705 1958
2541 3080
1660 2283
5898 6419
6491 6804
7174 7733
3424 3510
4617 5303
68 176
2471 3211
8789 9127
8043 8428
2284 3002
3168 3734
8133 8539
8059 8691
4248 4297
5853 5936
5201 5264
7145 7932
6544 7261
2510 3164
1190 1825
7031 7182
7710 7831
5176 5676
8177 8564
6415 6572
2167 2274
9910 9995
6709 7442
908 1153
5020 5702
2946 3082
n2
7718 8005
6868 7064
6960 7315
8721 9273
9530 9878
7817 8013
3407 3822
1890 2556
1495 2234
8370 8392
