n1
7349 8022
8353 8668
3298 3590
4230 4350
3543 4263
8989 9131
5193 5692
587 1238
3719 4033
79 109
7969 8156
6487 6555
1971 2254
7072 7293
7812 8136
4335 4918
5722 6071
3768 3964
898 1408
2895 3316
7640 7695
1729 2192
8534 8759
7918 8699
8066 8601
4751 4970
9566 9687
2942 3737
7615 7652
7500 8198
4718 4743
1715 2315
8201 8299
5502 5926
309 1041
8477 8967
4521 5126
5347 5723
1992 2143
6650 6718
2181 2392
246 697
2793 3191
8064 8457
5950 6220
3251 4016
2729 3293
3695 4480
3171 3619
7763 7890
312 574
7441 7757
2586 2885
1791 2190
2867 3361
1078 1145
9484 9644
6392 6921
4662 4820
2737 3431
5400 5671
3885 4230
4723 5425
9537 9865
5721 6336
1438 1494
356 944
7374 7647
4922 5192
7450 7582
5380 6015
7419 7608
1732 2303
8216 8478
7312 7854
4715 4837
1707 2450
5172 5821
7422 7508
2396 2934
8715 8813
6507 7020
7053 7678
6171 6410
1316 1703
565 1072
3686 4280
3413 3503
143 656
426 1033
9462 9840
4517 5283
1866 2046
5657 6062
7351 7382
8568 8711
2722 2995
5631 5898
4326 4683
3588 4286
n2
7495 7497
3018 3023
3297 3755
8827 8988
14 418
1839 1934
1590 1855
7568 7739
8720 9246
4908 4916
882 1604
2041 2831
2168 2901
2931 3691
6935 7405
9307 9611
3976 4157
629 782
899 1281
8744 9113
110 658
4897 5262
570 917
8716 9463
1329 2002
72 82
5946 6487
6493 6963
6028 6667
6466 6737
4188 4260
2338 2805
2738 3427
5252 5355
2447 2527
2461 2679
6658 6679
8704 9041
8717 9489
6410 6986
2859 3330
6973 7674
7356 7439
1306 1458
497 872
5691 5695
6081 6369
9616 9628
4566 5194
740 1491
3634 3663
6798 7076
3441 3726
1677 1974
4963 5074
5714 6314
5617 5956
2830 3167
9673 9745
5934 6181
2138 2675
2859 3124
432 765
1996 2235
225 666
1333 1414
9469 9733
7624 8214
5162 5168
5652 6402
5407 5704
8399 9108
3953 4318
1327 1852
1796 2521
8043 8598
9447 9713
8069 8778
8664 8825
4077 4601
4589 4595
4210 4334
7709 8169
2253 2670
4200 4339
95 125
5341 5868
2792 3050
9968 9993
6128 6760
8959 8960
2230 2263
2544 2843
9438 9653
849 1204
4983 5241
3509 4140
8951 9550
4981 5365
3651 3693
8692 9434
962 1303
9077 9511
3328 3419
1022 1813
6435 6564
1513 1751
9539 9778
6368 7115
3412 3592
1255 1424
6577 7081
4481 4521
6426 6555
6294 6383
1591 2298
1741 2329
8403 8785
1291 1561
419 1156
745 996
1400 1801
171 793
7634 8119
3473 3804
4559 4731
6992 7318
3086 3381
2051 2516
4658 4837
1848 2077
7594 8380
3249 3817
2117 2320
867 1385
464 585
1915 2190
5150 5405
8903 9371
5211 5617
4625 4641
9745 9808
4039 4239
1155 1369
8990 9731
778 1284
1430 1618
2988 3318
2786 3091
5082 5378
7096 7564
1191 1576
7408 7487
3523 3805
823 932
1881 2402
7133 7291
3023 3498
5841 6425
4048 4301
8120 8180
7503 7870
4175 4499
4378 5065
5717 6364
6207 6391
9259 9632
5367 6151
3126 3892
6614 7162
5880 5985
6267 6552
6486 6718
3632 3989
8385 8463
3296 3917
4946 4951
3332 3807
6471 6800
6270 6324
430 1156
2801 3257
885 1047
8830 9088
8051 8812
4235 4541
3220 3250
6826 7456
4002 4564
7532 8075
8459 8887
6090 6687
5331 5598
270 466
756 1121
1071 1426
5740 6486
3472 4041
2253 2603
4252 4731
4776 4982
4675 5099
1963 2579
2498 3269
6218 6259
1236 1302
507 591
7918 8637
8183 8647
6971 7186
5234 5682
7076 7087
2008 2143
374 662
5313 5443
5453 5488
780 1542
8643 8910
5607 6076
398 620
2412 2899
8321 8745
209 1008
9831 9925
3139 3908
9833 9965
9290 9847
3103 3616
2360 2668
1862 2121
1847 2249
6387 6969
7563 7888
6717 7112
6339 6918
2119 2781
5214 5953
9050 9122
8089 8627
731 873
4620 5398
324 657
2914 3293
4518 5154
2723 3235
5396 5962
58 803
3661 4193
7118 7868
1806 2251
5393 6187
2815 3465
5975 6350
8587 9316
7721 8025
52 216
6832 7234
6031 6250
3359 3970
3334 3420
2130 2209
3715 3719
7454 8015
6499 6676
785 1066
572 1241
1876 2317
7963 8317
7885 8059
6906 7335
1815 2322
4163 4256
7435 7995
116 318
8099 8873
6163 6888
6967 7259
202 213
5530 5997
1111 1467
595 1284
3497 4014
1395 1778
8212 8542
6877 7229
3914 4607
5960 6362
8867 9331
1158 1777
7890 8104
3551 3701
323 879
6970 7324
5955 6068
7674 7771
7637 7968
8882 9228
3612 4127
5879 5956
3537 3815
2764 3551
4706 4842
5125 5274
3989 4700
8424 9153
7266 7798
601 694
4012 4421
8126 8773
3491 4003
3420 3489
1454 2049
4006 4671
166 391
3972 4483
9605 9895
7949 8080
661 1258
6444 7189
9184 9586
6399 7175
3010 3320
7429 8047
7739 8449
8785 9567
9410 9661
3495 4189
5732 5905
3876 4447
3428 3453
3061 3109
273 633
368 907
7855 8602
1531 1647
208 658
1057 1328
2441 2443
7078 7227
3385 3790
6907 7506
6164 6555
1874 2386
2699 3295
2322 2710
5696 6304
606 840
4108 4481
7649 8130
5054 5309
198 395
604 1299
2389 2805
5121 5890
3464 4223
2477 2896
4420 4868
4448 5065
5756 5895
6249 6652
7617 7843
5320 5465
9076 9333
9295 9819
1418 1608
4638 4802
3008 3181
7371 7387
6948 7584
7464 8058
3368 3864
7519 7814
7380 7430
1305 2019
4589 5201
7660 8166
1258 1972
7450 7871
636 1335
5302 6016
565 966
1963 2397
2316 3113
183 925
796 962
6619 7216
9409 9585
50 837
15 207
7009 7030
3064 3756
3536 4281
6322 7060
6441 6717
494 1078
9762 9825
3176 3417
3221 3982
6913 7703
9067 9563
2251 2539
484 1242
8401 8429
7631 8092
3787 4151
3206 3564
8907 9353
246 585
6077 6138
7068 7180
9151 9867
5802 6248
3390 4127
1077 1557
7475 7480
132 802
4792 5456
8640 8726
8352 8699
7844 8472
4577 5093
3988 3992
1852 2572
1961 2512
4867 5088
2196 2376
3279 3709
9514 9636
73 171
5349 5542
6119 6457
9101 9590
110 648
5528 5802
8690 8920
3167 3209
226 977
5571 6139
9111 9842
2982 3729
7881 8281
4395 4620
1014 1196
7704 7751
5902 6508
2679 3042
2747 3358
7954 8208
593 871
8244 8898
3707 3735
6383 6610
4801 5189
9118 9763
9194 9570
4887 5556
808 1218
3959 4551
4797 5202
8634 9372
3421 3974
4211 4578
5101 5793
8266 8519
739 803
3949 4006
7038 7109
7940 7948
6903 7003
1390 1686
9316 9501
1844 2538
521 754
8039 8271
4126 4642
8151 8942
3159 3864
3045 3327
190 603
5293 5984
3276 3296
2926 2973
7682 8268
8144 8479
2790 3265
8707 9156
3923 4500
4718 4790
4034 4648
35 52
3616 4410
4225 4731
4043 4561
5001 5379
2391 3071
9437 9810
1329 2056
2612 2906
3234 3593
7244 7802
1445 2114
6484 7263
710 1110
1561 2094
5897 6045
8841 9065
1564 1646
3590 3858
120 403
6478 7264
971 1227
4559 5241
82 242
4436 4972
1517 1955
3477 4227
4130 4340
8870 9242
3832 4109
948 1586
8022 8169
9569 9663
713 847
3502 4013
9501 9859
5196 5538
990 1756
2443 2520
8806 8961
4358 4546
6488 6902
8644 8904
1922 2722
2066 2407
9639 9703
2307 2705
8839 9488
5086 5561
7530 8105
4600 5103
5453 6060
8811 9585
3386 3514
2179 2613
9633 9954
3095 3763
9310 9341
2295 3051
4640 4945
4591 5240
4483 4516
6782 7036
2099 2139
6993 7367
724 1524
5201 5261
8096 8837
7777 8316
4979 5357
967 1272
2356 2365
4780 4936
5253 5869
9419 9535
1324 1342
82 855
3215 3306
4642 4726
8544 9144
4630 5427
6191 6776
2342 2572
1687 2329
133 533
8599 8851
7528 8094
6689 6995
121 566
9034 9162
8428 8901
8160 8941
4935 5729
5001 5545
2202 2664
7655 7955
9242 9843
8981 9139
9237 9719
7826 8422
3146 3596
6344 7016
2706 2883
4565 5126
2791 3171
4698 4926
1543 1598
6518 6902
3486 3837
1333 1473
9606 9693
5544 6270
4231 4448
660 1352
6984 7651
3255 3431
5948 6365
8304 9056
3501 4006
9241 9830
7663 7990
6255 6738
5135 5323
736 1505
7855 8469
6976 7055
5790 6182
7510 7706
6512 6868
56 242
8104 8615
8098 8329
5677 5799
9342 9558
9021 9497
7434 7605
807 1173
3976 4257
2047 2366
4612 5313
2690 3068
6411 6911
8974 9144
2989 3609
7844 8493
2938 3328
6384 6854
5455 5745
1332 1885
1602 1716
9519 9942
9487 9502
4793 4860
886 1504
7526 7956
8480 9202
73 394
5348 5862
9121 9767
7120 7550
5823 6495
9069 9848
2600 2860
1121 1909
6173 6594
8241 8936
6548 7091
9161 9344
5524 5821
5300 6077
3294 3766
9602 9992
5437 5813
1010 1093
1169 1327
5181 5754
6628 7258
4083 4873
3043 3158
1136 1305
8977 9139
5347 6128
3395 3997
5922 6467
6505 6957
6292 6679
4768 5196
7572 8100
7387 7409
80 622
4742 4943
2612 2662
8868 9203
4844 4906
1732 2399
7176 7433
1294 1417
6918 7551
3916 4264
9268 9978
4389 4764
2678 2777
4507 5074
4213 4999
6817 7403
9100 9585
6895 7203
3884 3936
5008 5591
3321 3396
9461 9883
4954 5550
1691 1698
7093 7496
3234 3384
3031 3449
5877 6276
8472 9014
8688 8699
8239 8565
4228 4984
9231 9485
9268 9655
2020 2222
303 531
3565 3824
9600 9650
2789 3009
4003 4490
1347 1834
9271 9455
1781 2103
8012 8430
4403 4857
3358 3707
1194 1953
120 856
4999 5508
8547 8898
5050 5077
6297 6779
9329 9576
4045 4793
9630 9965
5862 6407
4982 5725
993 1535
8524 8866
5485 5936
8899 8905
9119 9381
8881 8967
4120 4512
4789 5120
4814 4856
4865 5586
5163 5773
7220 7918
6326 6342
8194 8927
7946 8059
8507 8609
5032 5311
519 714
6456 6994
5397 5544
9452 9555
7747 8292
5052 5746
5276 6016
1112 1829
7920 8146
2258 2833
5996 6491
5779 6435
2886 3488
5109 5805
5275 6021
3280 3925
9034 9458
1909 2270
5576 6240
6782 6867
5255 6034
7456 8030
6935 7260
8722 8741
4729 4890
6597 7367
7442 7542
7068 7598
434 1121
3852 4414
8449 8482
1972 2717
4621 4835
430 972
7204 7411
51 488
5659 5711
9697 9990
8883 9552
9647 9754
4355 4488
4763 4944
4260 4865
5509 5887
465 490
9010 9602
250 847
26 603
3265 3933
2380 3089
4358 4779
486 565
3648 3767
4714 5039
5345 6012
7710 8326
3795 4157
6057 6288
2140 2365
6308 7013
5209 5379
6450 6836
8536 8765
7249 7428
1279 1579
5761 6214
6189 6365
4804 5373
4232 4427
2228 2237
4870 5304
2453 2706
3165 3451
263 740
335 630
5237 5334
8857 8980
6966 7196
5394 5914
4841 5362
4529 4854
8844 9460
6576 6675
6377 6959
8215 8674
1019 1516
8771 9165
8779 8957
7577 8263
6951 7165
793 1276
6497 7295
6778 6914
2077 2197
8061 8834
3596 4211
3169 3624
1008 1696
6765 6806
2006 2620
1125 1766
6418 6554
5900 6647
9523 9611
9092 9655
7879 8033
576 720
7280 7802
5848 6279
6541 6545
489 606
9572 9898
7204 7356
6271 6467
3884 4048
7250 7355
7301 8068
5864 6304
3469 4083
2183 2802
2128 2412
7927 7939
1967 2598
2410 2903
6498 7146
7998 8110
4791 5405
8944 9132
76 414
1457 1901
3931 4438
6481 7225
7895 8689
2701 3231
7202 7993
7555 7621
2592 2952
1573 1782
3719 4271
9183 9820
6642 6910
8006 8339
6840 7115
1977 2236
4193 4836
874 1666
8454 8712
4936 5170
4635 4828
7883 8467
1908 2594
2493 2732
7018 7198
273 369
2824 3551
8395 9037
1836 2336
396 1023
6026 6408
8669 8870
8345 8823
4439 5058
2509 2595
831 1233
8956 9469
4588 5355
4743 4965
1803 1867
5474 5607
7574 8294
5248 5915
1405 1823
3130 3201
6195 6417
4683 5156
7784 8395
9695 9857
5937 6244
3429 3605
316 432
1708 2336
9479 9745
92 645
1200 1271
8547 8766
7339 7735
9505 9732
5765 6534
4594 5219
3379 3938
1323 1693
4370 4504
4415 5045
2875 3260
1362 1372
2807 3418
3831 3984
5628 5663
9851 9904
2875 3278
820 1304
1612 1616
3367 4145
6182 6562
5805 6283
4490 4670
3357 3360
6374 6789
7855 8130
2005 2749
5221 5465
9825 9894
2331 2873
7830 8002
3990 4567
5420 6090
239 362
9303 9943
6190 6768
2413 2856
7522 8077
2758 2924
5295 5346
236 601
8597 8760
6510 7010
501 1212
3806 4398
6198 6420
612 794
628 1206
3598 3701
4596 5040
4719 4877
9481 9501
3521 3850
3878 4383
8296 8743
7135 7663
6951 7459
4638 5395
6010 6214
4672 5333
9088 9186
5421 5712
1573 1796
3185 3817
3125 3435
2323 2832
730 743
1121 1378
7697 7792
2099 2471
4425 4598
3156 3261
6580 7042
7763 8375
2727 3074
8196 8616
1423 2059
7480 7611
1989 2651
1343 1666
4014 4113
3921 4579
4903 5548
5927 6057
1733 1878
7544 7933
3666 4373
3645 3970
4386 4905
1950 2357
397 1195
9782 9786
4176 4915
3332 4103
5501 5522
8787 8968
2486 2870
7242 7451
6379 6959
9433 9942
4887 5252
4554 5242
1094 1720
8294 8873
1347 1517
8297 8865
995 1304
1191 1539
6107 6611
1425 2128
8313 8559
7484 7831
1360 1368
8576 9272
8799 9511
3065 3310
421 992
9791 9911
2065 2109
5842 6084
5764 6232
1433 2131
3962 4645
3922 4086
9032 9044
7689 7884
9367 9741
4421 4577
6945 7478
9440 9796
7244 7324
4655 4988
3425 3467
8563 8953
1908 2047
4096 4820
9792 9797
1208 1591
1385 2080
5610 6065
9462 9620
1117 1175
5431 6010
1490 2169
830 855
9106 9283
9543 9862
8344 8552
8180 8218
5547 6104
8110 8625
9726 9761
6368 6916
9243 9278
4819 5434
926 974
2994 3085
1175 1483
8979 9061
2457 3021
1305 1945
2557 2995
6331 6567
5671 6331
4191 4487
3961 4637
4875 5391
2869 3001
9056 9242
6077 6138
5736 6518
8449 8494
5004 5088
7117 7533
1152 1391
5949 6060
948 1579
2818 2829
4531 4801
9456 9759
5210 5997
5438 5546
6247 6604
9361 9807
4861 4896
7246 7655
3550 3785
4684 4900
2191 2242
5328 5575
8010 8229
5307 5464
8140 8715
2778 3113
1611 2259
4464 5143
6878 7608
1779 2416
4038 4744
5722 5960
1839 2216
504 737
6671 6859
1978 2110
8688 9107
176 879
294 992
7933 8506
4319 4604
7204 7966
5642 5966
718 1336
2752 2938
6501 6621
6106 6222
966 1012
2876 3243
5489 5667
6912 7031
2626 3032
7997 7998
5395 5491
6334 6487
6237 6271
852 1312
1832 2413
186 896
3063 3791
8017 8723
1486 2116
1485 1614
238 241
1290 1475
1358 1433
5542 6275
3828 4186
7902 8088
5846 5886
8455 9056
5834 6620
8057 8261
3579 3695
6686 7144
6169 6903
9604 9966
1116 1826
4685 5309
450 480
4129 4250
5435 5690
9203 9353
5828 6513
5733 6041
7287 7619
108 352
8122 8160
6304 6389
9414 9805
7002 7487
8240 8793
9046 9607
564 722
7780 8138
4021 4132
1107 1664
562 775
9600 9683
8151 8172
8490 8997
3599 3900
6090 6457
5284 5979
4850 5456
7902 8115
2506 3036
3058 3504
6803 6894
9644 9697
6181 6835
7570 7725
3768 3987
6870 7572
131 881
6271 6629
1288 1420
3633 4360
7566 7856
7377 7693
9256 9872
534 806
75 837
4079 4576
6795 7497
8935 8983
1902 2092
2559 2576
8250 8314
750 955
532 1271
6187 6972
276 740
5557 5755
2101 2276
166 548
5296 5774
3510 3859
6600 6885
2735 3053
611 1319
7020 7659
5964 5991
8408 9010
46 260
9482 9884
958 1397
5879 6554
407 519
9314 9675
6246 6382
9138 9324
7245 7483
4838 5392
3147 3467
8690 8778
8925 9506
1793 1833
3301 4038
4692 4983
202 216
257 967
6281 7039
2646 3230
2254 2808
5556 5841
5148 5612
1497 2085
510 1183
1354 1742
7613 7982
7380 7782
804 1563
4531 4772
1817 2230
5155 5353
9132 9605
367 975
4981 5048
6438 6834
1910 2432
3520 3977
4520 4926
6762 7355
9161 9540
9040 9188
618 1113
5626 6261
7729 7956
8993 9645
3473 3562
1538 2000
7065 7404
1591 2361
1573 1738
6424 7203
6350 6875
4884 5625
4899 5112
6232 6495
1780 2092
2472 2612
8983 9517
6466 7249
4401 4500
5028 5262
3191 3465
7024 7378
9380 9447
7855 8242
2799 3057
663 1453
5567 5631
219 229
987 1118
2387 2508
8761 9093
7776 8283
80 263
7828 8546
2909 3592
6673 6828
8803 9085
7853 8497
3627 3655
595 763
9750 9805
1592 2243
5687 5910
1202 1302
8128 8735
6428 6554
3945 4170
4558 4988
3909 4619
6401 7146
4445 4799
4871 4903
2305 2421
6674 6679
6494 7288
6107 6168
4443 5088
4372 4622
820 1074
2305 2745
6990 7762
4991 5558
2512 2841
3590 3699
5859 6191
2106 2208
5847 6244
4804 4928
533 960
4709 5207
6390 6485
1621 1712
1579 2244
7414 8106
666 969
7036 7584
4397 5016
844 1567
8957 9751
6339 6452
6324 6968
8696 8904
9330 9931
8576 9341
6471 7185
322 499
2127 2506
8610 9367
7963 8187
9097 9694
2225 2558
276 924
7321 7488
8826 8912
6051 6231
4810 4928
9752 9871
3503 3555
5823 5882
9211 9941
9388 9878
7191 7608
3318 3524
3135 3263
4169 4766
5528 6039
7103 7392
688 880
7178 7851
4072 4808
8504 9094
2849 3537
1697 1739
184 210
4587 5287
1758 2285
2289 2318
2710 3379
1063 1102
8198 8766
8636 9364
1833 2537
3522 3861
6609 6711
1064 1741
712 894
4141 4617
269 305
1271 1506
2235 2382
5113 5856
6120 6836
2644 3140
3208 3747
2328 3049
6640 6654
5667 6021
6826 7252
3341 3428
2517 3023
5194 5659
4004 4557
73 823
6672 6687
7405 8188
3936 4189
7071 7493
273 1008
1775 2571
1611 2187
3815 4062
5707 6074
1643 1953
3094 3273
5948 6586
1871 2620
5045 5182
7469 8210
3477 3990
8077 8256
4085 4522
3167 3280
3968 4044
936 1722
7647 8288
8596 8770
7697 8382
5395 6077
4788 5266
3196 3521
998 1381
6781 6967
8190 8883
2435 3191
9086 9413
9165 9683
3796 4084
35 701
3763 4111
2768 3131
613 882
8948 9679
3568 4005
2120 2607
2013 2071
7443 8104
5054 5111
4133 4396
3390 3608
3690 4035
9096 9462
3695 4452
7336 7498
998 1232
2916 3366
5920 6171
3904 4219
8204 8806
8927 9426
8053 8266
1474 1768
6615 6792
160 620
3527 4173
8908 8989
3209 3272
2486 2570
7258 7730
6897 7459
3439 4127
5081 5347
6714 7364
4650 4726
7919 7987
2174 2263
4933 5213
3805 4098
7745 7810
7633 7651
8183 8887
8772 8987
8621 9372
5978 6457
2902 3327
9833 9959
762 1121
7365 7433
4842 5260
9348 9985
5801 6096
3739 4017
9242 9478
6010 6159
3170 3927
8781 9322
6863 7349
1836 2292
8994 9083
8816 9348
5241 5926
9280 9575
4727 5490
7436 7950
2501 2964
7161 7373
3053 3138
3462 3723
6342 6871
8421 8900
1448 1502
5132 5907
4721 5201
7469 7862
2894 3377
8742 9174
6066 6358
534 964
1176 1252
5840 6185
3227 3989
2902 3433
3215 3917
201 664
4870 5319
443 939
2290 2310
4060 4102
5056 5373
7036 7224
9718 9776
4342 4620
56 317
4326 4472
8311 8971
395 1127
6275 6559
3104 3532
3668 3856
8205 8531
6216 6252
3667 4297
7179 7743
4316 4648
6940 7427
4842 5052
8519 8962
3767 4140
194 603
8384 9070
6650 7295
2897 3369
3078 3700
7095 7668
3719 4227
7027 7221
2169 2944
3146 3327
2243 2392
2360 3153
3273 3399
2761 3090
2437 2774
7414 8096
7686 8200
8322 8966
7739 8065
293 1047
8689 9033
2697 2784
7935 8603
7496 7978
6585 7200
3720 4075
8453 8572
8140 8448
3063 3717
1908 2625
6930 7137
2947 3035
6088 6692
2733 3059
7944 8388
4104 4333
5124 5256
5216 5887
7511 7609
4285 5052
4148 4581
627 994
5477 6164
4417 5099
4889 5502
3160 3462
2670 3142
237 995
130 867
2008 2380
1415 2145
8846 9533
5826 6305
8192 8796
6843 7135
8544 9205
280 329
5667 5697
9691 9859
1605 2211
3440 3834
3198 3818
33 458
2957 3613
8802 9448
868 1295
6069 6417
2560 2748
9129 9884
9462 9856
9573 9918
2904 3294
1164 1915
5647 5906
8619 8949
9694 9799
3548 4044
489 1166
3604 4338
6312 6635
1300 1972
8995 9701
5261 5733
5349 6036
2619 2657
991 1482
285 468
6022 6590
3948 4335
9507 9767
442 654
5360 5940
5772 6421
9152 9343
154 327
1985 2453
9695 9910
3796 3841
4053 4131
337 379
8883 9218
647 1200
8084 8588
6197 6532
5772 5897
360 837
4150 4870
5424 6120
3517 3581
3854 4405
7681 7922
5029 5087
6226 6478
8220 8638
6213 6848
3332 3937
3773 4015
5442 5840
6500 7230
6209 6777
1678 1697
7243 7750
476 483
2584 2892
5762 5974
4306 4811
4041 4222
6524 7268
1981 2266
3408 4022
9498 9770
3170 3332
8765 8879
1658 2235
6788 7126
8156 8724
5708 6217
1336 2085
2942 3570
7404 7525
7716 7922
2546 3038
8471 8893
440 892
4785 4807
4582 5000
3651 3748
5818 6580
9174 9192
6997 7580
6468 6638
2596 3335
6230 6766
7593 7751
1880 2058
8624 8669
2670 2987
2883 3422
4193 4745
8552 9189
6437 6710
9028 9729
1466 1710
238 754
707 1501
6614 6893
7432 7954
2789 3070
7611 8057
2107 2368
2743 2867
9674 9942
8793 9102
1729 1925
8984 9707
8749 9327
5709 6357
7420 8039
135 479
9343 9873
7437 7515
1299 1995
2079 2191
4662 5384
3027 3268
6715 7154
6807 7227
2975 3655
2051 2169
3705 4468
7320 7834
97 319
5891 6687
7768 7913
543 1173
4880 5340
5631 6212
7564 7833
7550 8037
6 278
9285 9589
6353 6463
9717 9779
2639 3246
3846 4507
3939 4250
4839 5397
4034 4690
1905 2696
1775 1938
861 1575
1263 1904
8096 8687
822 1492
8773 9066
6106 6866
3195 3910
40 464
1014 1390
9469 9649
7314 7328
660 1108
665 787
5772 6153
3451 3512
222 413
3232 3835
3131 3422
9769 9915
1686 1757
363 407
5556 6349
7826 8606
4048 4105
5925 6324
5814 5854
7676 7805
1777 1973
5883 6438
9351 9676
7793 8194
164 172
8826 9430
9229 9891
6883 7148
8217 8264
8289 8678
6289 6456
2857 2926
1088 1848
3713 3808
2499 3022
9377 9408
778 1386
7104 7190
340 873
4352 4674
925 1134
529 1218
1911 2238
2956 3365
1482 1499
8522 8598
6325 6372
544 1024
7346 7433
6682 7430
4318 5060
7885 8149
7381 7545
7075 7483
9967 9988
5056 5747
4951 5379
5061 5623
8706 8723
8108 8329
8519 9195
5389 5433
2345 2706
3798 3845
5276 6006
6504 6748
8561 8724
7468 7904
8712 8760
9309 9492
4638 4693
3174 3843
4950 5538
289 763
834 1617
9083 9459
9224 9463
1843 2363
4733 5044
779 1149
9511 9665
5646 5730
1280 1297
8828 9207
4333 4405
8180 8368
5618 6233
3626 4409
7145 7811
6586 6880
968 1667
8294 8827
3363 3829
1017 1138
6122 6435
5292 5801
8790 8881
7021 7628
7242 7369
9486 9806
4077 4537
4495 5197
6359 6913
884 1281
7213 7838
1312 1708
3661 4130
9059 9780
1988 2126
887 1427
6268 6492
1674 1685
8624 8906
5455 6159
8677 8791
2168 2596
1585 2281
1911 2571
2310 2938
3835 4456
2447 3095
9155 9652
2954 3630
9260 9731
1581 1767
9255 9854
4392 4980
1904 2041
7434 7553
4322 4538
3474 3977
576 1069
274 645
2260 2471
4945 5028
1268 1594
2089 2684
8171 8373
746 1401
6815 6910
5724 6314
3428 3744
3890 4042
6858 7117
8821 9524
8746 8913
4160 4832
8536 9070
9561 9709
4329 4462
5615 5994
2795 3290
2842 3620
60 216
9475 9533
4430 4867
2847 2867
1412 1808
7848 7953
4025 4749
2071 2111
4295 4994
1361 2005
602 1287
8186 8836
4071 4305
8418 9119
4121 4630
877 1503
7612 7642
1922 2540
2543 3199
5618 6364
7333 7428
2056 2703
4042 4814
4190 4744
9526 9842
7678 8076
3034 3271
154 280
8876 9590
187 301
1610 2313
6789 7535
7627 7651
126 279
6297 6570
933 1267
5486 6166
1674 1963
2024 2091
4266 4526
3547 3739
144 245
3216 3577
5627 5671
1820 1884
8998 9285
3469 4186
3215 3804
9297 9870
1387 1877
5218 5585
3733 4323
4200 4239
4654 4909
8446 9100
8618 9412
5805 6554
7730 8400
4393 5087
9149 9569
4476 5060
5232 5393
7890 8569
5823 6538
227 741
3319 3893
8743 9459
7625 7771
4477 4946
4397 4543
5781 6375
2458 3083
8384 8930
7938 7986
7832 7907
5992 6419
8834 9034
3862 4414
181 451
6596 6659
1722 1862
4663 5225
5766 6046
1202 1655
4176 4558
4438 5026
9126 9471
1747 2039
2601 2870
6791 7527
2407 2654
6168 6568
7167 7871
9338 9885
6016 6510
5706 6350
1547 2120
5832 6115
8121 8338
4413 4792
4638 5382
3627 3688
1974 2731
4903 5086
2349 2997
4472 4544
2778 2888
4645 4896
4857 5392
8030 8331
2845 3644
8016 8134
255 260
7734 8048
4848 5408
131 230
9202 9497
1996 2257
4020 4644
8433 8908
1245 1315
3604 4395
1727 2115
199 931
3536 3846
6491 6651
4435 4698
7690 8082
4988 5190
7522 7594
3698 3862
9297 9638
6467 6533
377 407
6162 6430
3291 3731
9384 9810
2978 3224
2390 2753
3961 4717
5188 5983
1394 1776
671 757
435 549
9017 9090
70 851
4096 4696
4549 4700
7105 7328
7390 8029
6691 6984
3753 4256
3124 3487
1570 1857
4426 4769
5585 5710
2048 2660
7459 7494
1943 2690
4545 4556
7253 8004
1284 1629
5994 6206
7500 8034
9136 9899
927 1472
8711 9132
7753 7867
1417 1613
7846 8524
928 1533
548 860
5323 5935
3208 3725
6447 6580
8416 8807
624 680
411 1193
8480 8823
1592 1874
6645 6789
1186 1191
8922 9575
7171 7328
7326 7878
3580 4322
3992 4213
6780 7103
3027 3077
5055 5782
3633 3964
5621 6242
6193 6780
5376 6034
547 977
8881 9066
6371 6994
3042 3403
8451 8585
6181 6335
9097 9848
7889 8191
1343 1748
2514 2949
8706 8876
609 640
7461 7970
2594 2712
7871 8097
5758 6046
20 176
3153 3182
1887 2487
783 1373
3511 3668
7225 7798
2688 3009
1813 1935
6984 7606
945 1108
653 1007
3265 3626
9268 9364
8540 8910
1911 2633
5218 5595
9714 9838
6215 6436
4746 4987
5399 6181
8953 9484
6911 7519
1554 1809
4494 5052
814 1137
577 926
150 217
5060 5329
5561 6245
2554 2713
4898 5533
3764 4070
561 992
7798 8337
9572 9996
4796 4828
4575 4707
7305 7608
3599 4322
5600 6066
7624 7955
3836 4382
5745 6386
7786 7803
2964 3502
879 1107
6429 6656
922 1263
7821 8107
5221 5526
2586 2714
6784 6999
9456 9575
6669 7169
807 905
2528 2889
4172 4861
8320 8499
5818 6050
1676 2104
6137 6338
2555 2821
7502 7589
7832 8599
7834 8263
2797 3083
4338 4752
637 1008
6253 6922
4615 5249
1151 1229
875 1114
1579 2037
9476 9509
2453 2698
3823 4142
9683 9756
9536 9547
5646 6081
6725 7157
4008 4246
5462 6030
3980 4084
7491 7689
8548 9268
4024 4464
5326 5675
7693 7963
15 134
7486 7513
5954 6034
2316 2780
7740 8536
4390 4503
33 204
9432 9474
4248 4985
5489 5704
3208 3434
6938 7147
289 715
1771 2548
6367 6540
574 604
9321 9810
3391 4104
1175 1640
4484 4573
2374 2713
1768 2403
3235 3497
8567 8730
6857 6906
3075 3752
1785 2555
652 815
1392 1793
3205 3461
3625 4411
3123 3618
4560 5153
2931 3684
8192 8973
2296 2990
2763 3220
5640 5831
7557 8273
4986 5311
5620 6304
3669 3723
6929 7141
2875 3415
6332 7015
6864 7339
9075 9856
511 912
7547 7988
146 338
7879 8656
690 869
5680 6477
8676 9231
7526 7614
2959 3313
4832 5510
5434 5542
5308 5440
7848 8261
8005 8726
8544 8588
980 1178
5212 5485
9530 9909
2925 3471
5166 5485
6647 7343
7842 8110
3621 3902
8003 8059
8909 9615
8915 9463
3496 3959
2024 2277
6567 6605
4132 4422
3054 3795
5387 5737
3360 3600
649 1108
9514 9702
1782 2329
3271 4028
5917 6388
6615 7252
3160 3787
4478 5261
7890 8193
7335 7742
8901 9502
4571 4801
7752 8064
1303 1480
7169 7400
9133 9702
3536 4160
9392 9970
4266 4372
6726 7232
796 1565
9148 9910
3 583
816 1574
4201 4260
413 1131
7597 8286
6267 6278
9247 9743
3068 3642
6803 7349
7953 8474
7446 8208
470 726
227 497
9002 9391
6501 7039
6653 7069
7834 7916
5308 5752
434 1152
5121 5338
9221 9820
5785 6429
4956 5263
4684 4756
7252 7592
4313 4960
3575 4199
3539 4095
8215 8727
9774 9976
274 453
4888 5506
8549 8735
3554 4121
232 1032
6185 6452
543 1202
8046 8070
7312 7418
1341 1791
3273 3922
2190 2857
6083 6256
4246 4790
7523 7714
2365 3125
568 1264
145 896
9206 9846
2785 3415
6555 6830
7927 8390
8772 9081
2769 3012
7129 7181
9687 9905
3471 4210
3431 3659
386 1045
5830 6149
169 217
5224 5755
7014 7739
4133 4402
918 1073
3388 3505
74 681
3198 3624
2583 2822
2029 2700
3211 3374
1070 1118
6268 6673
6035 6267
3776 4479
3047 3351
1469 2097
7130 7378
6662 7447
1755 2423
673 1237
1953 1994
7577 8299
8071 8809
6030 6296
2799 2806
3996 4227
3831 4563
266 467
9260 9599
7362 7370
7606 7619
8754 9181
6687 6940
390 576
7509 8088
6778 7467
8363 9007
2420 2816
9012 9549
426 1110
2401 2653
5405 5507
5116 5890
6553 6633
4003 4079
330 465
4782 5202
530 605
3694 4146
300 565
8801 9563
2231 2915
344 1118
4393 4655
120 896
152 464
539 699
6550 7093
8037 8702
8415 9037
8446 9190
5342 5903
1362 1572
7355 7792
8971 9150
2753 2987
1002 1656
6059 6397
818 1287
6123 6236
7886 7979
163 400
2238 2727
6103 6575
28 173
8906 9576
1358 1369
481 888
8335 8523
4877 5289
237 942
7465 7752
9481 9790
2100 2858
8766 9369
3579 4070
8389 8806
6650 6796
4043 4313
8618 8880
3997 4760
6202 6604
2673 3230
5352 5768
5578 6122
4106 4150
9579 9890
1553 2324
1199 1985
5933 6148
1448 1698
1894 2066
7615 7872
8527 8961
3447 4091
5432 5790
707 771
7218 7406
7378 7884
7596 8113
4350 4680
1395 2041
5201 5525
1412 1695
8535 9213
738 1177
6823 7020
5158 5740
1323 2030
3580 3829
453 636
4397 4791
8306 8469
2820 2822
1021 1225
479 976
8929 9562
3615 4007
3657 3941
2567 3110
6422 6426
7973 8475
4502 4604
362 722
4981 5507
1739 2180
6257 6995
5703 5804
1962 2705
6417 6568
7052 7144
948 1301
587 1345
6656 6724
2518 2597
3368 3859
3374 3501
7994 8194
725 1400
2490 3018
7498 8139
1323 1450
6970 7765
1488 1583
1121 1884
105 593
6165 6549
5183 5839
2574 2644
1275 1450
864 885
3346 3449
6768 7539
9663 9921
8942 9263
3894 4407
3469 3963
9002 9208
797 1090
269 510
106 165
803 1532
4224 5021
1586 2161
7365 7421
6572 7056
1229 2026
1349 2035
7097 7578
9527 9876
5138 5544
9272 9593
7893 8280
4422 4569
3743 4356
3783 4244
8362 9112
2271 2638
8478 8926
5203 5896
3660 4192
6317 6853
5121 5847
3046 3804
8003 8254
637 821
3413 4119
9419 9478
4717 5140
190 896
1912 2030
28 521
3118 3129
7065 7438
3653 3773
8233 8538
7463 8208
6415 7194
1348 2083
1600 2386
9144 9643
2691 3166
560 1274
9471 9985
4723 4788
2820 3583
3292 3468
6032 6526
5834 6470
449 646
2455 2701
3567 3913
1455 2046
6049 6196
515 613
449 467
6501 6699
1212 1516
1306 1811
5801 6479
1167 1584
6357 6922
2213 2447
5206 5627
5461 5560
9770 9924
1085 1473
98 741
1625 2045
2152 2296
265 523
9341 9792
2843 3153
6271 6741
5396 5678
3349 4027
7313 7511
9079 9185
1246 1562
2191 2414
1620 2268
4807 5603
6129 6168
8190 8408
2005 2586
3802 3844
6192 6323
1670 2365
723 1225
8790 9332
3547 3789
5432 6168
8826 9302
5471 6160
2254 2626
1127 1452
4344 4817
6842 6968
2587 3273
7827 8061
3634 3723
2516 2885
5617 5969
6153 6492
9310 9592
5838 6378
5203 5717
2950 3555
5730 6020
4411 4743
7017 7541
6761 7489
865 916
761 1435
3635 4193
6623 7305
3205 3537
7210 7608
940 1328
6560 7089
1030 1590
8750 9308
5089 5544
7907 8674
7012 7401
5202 5731
924 1486
7006 7425
40 489
6502 7021
1604 2247
9592 9750
5878 6532
3598 3765
1083 1783
2519 2778
2039 2521
6126 6666
1398 1711
644 751
2554 3197
6708 6997
6856 7568
6472 7067
4259 4963
6914 7352
8402 8758
1715 2408
7312 7652
5380 5703
144 370
1190 1560
2014 2145
3206 3836
4095 4442
6222 6723
1247 1252
952 1348
8667 8696
8256 8510
9089 9889
2714 2909
2278 2759
7687 8081
8979 9669
5194 5819
4020 4684
388 662
9227 9707
2760 2866
2619 3105
5595 6279
8458 9240
2707 2880
7937 8608
4705 4847
4730 5405
4320 5094
6646 7077
7122 7260
1463 2252
6166 6711
9260 9329
5810 6054
5335 5599
4007 4598
8660 9448
5605 6071
4030 4299
1042 1636
6341 6871
584 660
977 1621
631 836
9375 9418
1031 1251
756 1203
6310 6486
8935 9584
7321 7448
6677 7261
5405 5774
5913 6228
9896 9900
5109 5540
5891 6044
2442 2744
6867 6995
9192 9199
7484 8116
7375 8150
8179 8285
4274 4799
2727 3450
1052 1511
6696 7145
6506 7182
3165 3900
8430 8992
771 1233
3840 4134
7108 7217
4445 5053
8766 9401
9036 9643
2926 3391
906 1273
4896 5198
8437 8985
4069 4268
8227 8961
5229 5463
6118 6709
3860 4366
4283 5059
8742 9392
6060 6685
2888 3596
4957 5318
731 1459
317 526
7483 7757
9403 9595
8474 8932
6658 7378
653 1262
148 172
6634 7042
8846 9049
1285 1734
5818 6020
6736 7201
3379 4058
1060 1517
5660 5869
8390 8907
8923 9614
4992 5607
7658 7995
2465 2788
8891 9049
7862 8285
1102 1332
2904 3134
2716 3426
3781 4496
1854 2013
4469 4908
9078 9393
2867 3627
1729 2022
7910 8525
803 1278
1804 1931
4583 4584
8731 9061
5870 6211
1590 1867
1417 2051
9594 9810
4452 4796
9695 9745
5994 6576
6793 7486
3230 3513
6375 6400
7960 8505
8512 9180
5653 6370
9215 9379
1781 2328
8728 9520
6348 6561
3969 4339
5536 6175
9128 9865
5607 6247
876 1139
6355 7061
6255 6304
1418 1721
2864 2910
3414 4101
3278 3501
4637 4778
1692 2196
4212 4765
5429 6228
5835 6526
4141 4432
2485 2670
8832 9277
1340 1961
5043 5113
1641 2301
6490 6933
9773 9882
2725 3315
7796 8125
6074 6581
2725 2914
7926 8612
4587 5376
4022 4358
2233 2345
4954 5345
4932 5128
2882 3655
8987 9611
8284 8691
9459 9837
6728 7361
2216 2286
6836 7338
3009 3493
816 1013
1588 2053
4290 4638
6750 7474
89 224
5312 5465
7059 7394
9272 9715
6213 6845
5939 6120
6498 7067
7503 7950
9686 9907
104 831
669 673
6684 6932
8449 8859
3258 3708
5493 5705
6484 7278
2311 2753
7708 8074
3217 3834
5318 5772
6656 6884
2328 2452
9581 9842
4650 4906
6161 6901
3509 3804
1945 2612
5330 5958
182 635
4251 4883
491 1253
1312 2036
1336 1506
165 640
3093 3601
7608 7781
2710 3150
3332 3760
6559 7270
662 882
5480 6216
4855 5433
7160 7835
4718 5496
4934 5478
5116 5502
9147 9721
4930 5427
6865 7455
2785 3501
5355 6083
1859 2115
791 859
5622 6409
2352 2413
279 679
2167 2177
99 621
5554 6319
1577 2137
1401 1999
2365 2713
7960 8069
5241 5623
6494 6925
9654 9916
4290 4335
2276 2432
7140 7875
8920 9668
7199 7582
4965 5123
8285 8754
8740 9248
5761 6030
2872 3262
2659 2923
8357 8800
6110 6899
2908 3043
8458 9026
2483 2606
7186 7378
1619 2387
5281 5592
4727 5508
1055 1832
5159 5576
6006 6136
3505 4121
3211 3715
4336 4919
946 1340
5168 5210
1964 1975
7889 8092
3499 4141
1171 1653
6064 6480
2064 2202
6634 7204
8881 9463
4265 4277
3846 4582
4335 4655
3439 3490
747 1049
7395 8015
3489 3968
4308 4461
2457 2773
9187 9715
192 871
2056 2195
7151 7789
3402 3713
1776 2489
1576 2133
5290 6062
5032 5343
4232 4734
2926 3323
5915 6216
1889 2617
495 740
9407 9719
58 418
8414 8899
6340 6856
9611 9943
4585 4890
3794 4453
9661 9741
8066 8104
4152 4206
4206 4365
8448 8768
2937 3723
3625 3834
6412 6620
5306 5956
4252 4935
1907 2672
4008 4108
7077 7184
3258 3899
3243 3696
6704 6937
6806 6918
5753 5777
6548 6865
4108 4385
5898 6519
909 1696
7551 8064
5845 6038
3305 4029
8529 8936
4781 4850
1973 2647
2302 2946
9222 9610
8459 8724
6413 6996
5402 5799
2189 2787
3297 3726
4190 4829
5503 6210
2814 2866
5064 5078
7061 7104
3399 3782
7208 7407
5094 5444
5319 5369
22 598
6997 7046
586 1294
65 513
3791 4291
1510 2280
3896 4305
9539 9682
7823 8202
4286 4545
2459 3159
9302 9829
4673 5270
6408 7052
239 332
2016 2574
2904 3042
7873 8456
3472 3595
8002 8484
7104 7739
8263 8563
3666 4061
5127 5923
577 964
7716 8166
3446 3897
2674 3390
1699 2442
1303 1955
6389 6591
2410 2770
7544 7834
207 942
6742 6758
60 681
9382 9552
9327 9885
1480 2217
113 533
6573 6960
7957 8020
2694 3471
2711 2966
8764 9539
5783 5948
876 1610
9777 9859
2166 2208
9136 9872
4392 5092
8724 8825
4982 5549
3352 3866
7396 8133
6206 6812
999 1677
2973 3617
7778 8319
2612 3104
7271 7451
455 583
696 959
5732 5929
1118 1876
7204 7488
3248 3751
4342 4859
5140 5431
6285 6533
1146 1220
1013 1486
4246 4445
8863 8898
3924 4499
4217 4473
1130 1885
3135 3662
6311 6371
6283 6900
3470 3746
3847 4599
219 447
2502 2780
6341 6516
6518 7119
2885 3345
251 352
2143 2663
2497 2521
1541 1880
4956 5418
7214 7676
8213 8959
7437 8101
5679 6275
396 538
534 1144
703 1427
8744 9254
7787 7903
6173 6845
7987 8078
9585 9676
2964 3604
4300 4755
2190 2737
8773 8823
916 1577
2011 2809
6797 7152
8714 9024
5363 5732
4762 5293
4137 4766
8708 8763
7578 7994
2385 3137
3053 3337
5219 5517
1471 1843
9461 9640
5453 5893
5169 5353
8095 8272
7519 7677
6119 6889
248 892
4638 5170
5494 5541
6596 7021
254 995
5273 5556
2857 3191
5891 6630
1230 1982
7391 7827
872 1626
5930 6579
225 714
5491 5511
6803 6941
2332 2973
67 398
659 688
8439 8598
7245 7328
3246 3247
3001 3709
5231 5393
1771 1774
8704 9107
4902 5575
2515 2802
8336 9118
1545 2073
5877 5994
5121 5652
1699 1761
6389 7158
2641 2944
9687 9959
2284 2342
1521 1699
289 504
440 767
53 569
258 713
1607 1984
751 945
4448 5242
8503 9281
9664 9743
7382 7690
5628 5932
2031 2052
5024 5427
5361 5909
1333 1621
3618 4011
5116 5264
5058 5792
6705 6772
8938 9462
5660 6038
5681 6271
4961 5370
137 313
4673 5106
130 911
4146 4461
1488 2232
2254 2448
4857 4874
698 1291
8938 9226
2014 2039
6360 6715
3071 3458
9209 9938
8967 9515
3151 3499
3049 3258
3860 4005
2879 2915
5967 6017
2711 3260
8409 8454
6633 7017
8700 9318
8600 9042
3469 3790
8110 8231
330 1037
7468 7839
5753 5905
4580 5196
3516 4149
8387 9054
2156 2499
5007 5317
7270 7523
4117 4358
1406 1466
1310 1903
5564 6210
8409 8828
2599 2671
5411 6001
8589 8679
4573 5071
606 995
9756 9923
9497 9625
597 1161
5378 5793
255 312
6348 6419
7961 8020
9933 9941
2743 3459
823 1559
4232 4402
4692 5435
9306 9396
8203 8560
7075 7872
2330 2693
635 1355
207 362
9050 9168
7956 8390
4565 5111
5282 5653
1085 1325
6977 7331
6081 6623
5552 5927
7417 7580
68 864
2448 3185
4536 5030
2178 2910
2028 2326
8350 8816
2107 2492
7598 7659
1792 2393
3713 4465
1344 1714
7185 7381
6390 6848
1986 2565
8019 8148
2887 3572
7045 7068
6454 7212
6432 7007
2237 2317
960 966
6800 6830
1395 1484
4482 4707
1794 1951
315 951
6321 6789
2640 2673
4325 4595
2851 3527
132 214
5251 5764
3161 3179
8893 9428
5489 6000
8803 8960
5360 6078
4870 4982
5316 5501
60 292
5903 6536
9448 9451
4231 4569
6576 6715
4482 5027
3615 4029
4217 4882
331 1057
8854 9202
2164 2546
6198 6913
9161 9421
2178 2848
6899 7502
8870 8942
3641 4215
656 1289
4234 4703
8431 8690
6978 7028
1921 2125
2472 2505
3638 3677
38 548
450 546
6032 6714
8271 9024
2205 2206
8184 8681
6043 6326
5023 5376
7005 7307
8750 9238
7036 7383
814 1528
887 924
1530 1560
8976 9774
6302 6916
4111 4166
5923 6696
1905 2523
2572 2617
8101 8560
6711 6825
8694 8790
5954 6526
67 244
487 682
104 385
4012 4305
1782 2019
7855 8452
3776 3864
4713 4907
74 167
5319 5372
5284 5533
2112 2596
9432 9576
4275 4486
6913 7500
8167 8456
7958 8709
1599 1649
5907 5988
8946 9394
4892 5181
2716 3101
5239 5283
9704 9807
6490 7136
2696 3436
9220 9440
2473 2957
2193 2896
1148 1595
26 85
9033 9832
3802 4379
3957 4323
8868 9259
858 1446
4469 4717
7419 7598
7489 8067
6004 6714
4442 5056
786 1493
5337 5516
5194 5493
6240 6474
4022 4404
2231 2853
4262 4280
3466 3979
6135 6772
8382 9051
207 723
2942 3638
8379 8459
5030 5406
7058 7533
2517 2771
7096 7562
6200 6600
1802 1924
5094 5821
5883 6507
4958 5010
2242 2673
498 1218
6867 7005
1359 1861
7886 8311
3259 3410
5780 6131
2833 3483
456 627
6908 7588
7243 7365
5515 5656
251 507
4250 4490
8209 8770
728 1192
2909 3413
375 534
1916 2219
7737 8260
3932 4353
389 907
8679 8847
8352 8859
2141 2431
6589 7369
2665 3233
5801 5930
3377 4089
527 669
4806 4887
6261 6695
8070 8832
4832 5491
8729 9113
1961 2723
8910 9070
6107 6825
2581 2994
6 656
5086 5630
935 1102
3842 3948
5940 6313
2415 2488
424 794
7956 8362
2147 2275
4379 4767
7904 8274
8217 8694
8089 8658
618 749
2184 2590
1575 2157
2009 2328
4563 4872
3802 4015
539 776
8490 9114
4761 5466
9004 9038
6963 7566
6122 6248
7350 7583
324 828
4626 5378
2852 3160
4428 4666
2154 2307
3706 4404
5653 6369
596 1164
5632 6312
5641 5764
806 1427
1369 1735
8872 9427
9286 9740
9550 9578
2646 3036
8811 9128
3935 4642
5474 5898
1884 2285
6746 6930
7656 7717
1150 1183
3339 3597
5428 5778
6706 7486
6497 6863
4753 5282
4831 5367
9841 9960
6253 6542
8278 8500
6029 6494
589 1041
7467 7688
5216 5772
5754 5959
7658 8010
7227 7486
2471 2574
3787 4476
5024 5325
2045 2712
3576 3897
3380 4030
3375 3720
7439 8212
2330 2571
4957 5674
7859 7889
3951 4033
2049 2364
4857 5060
6325 6597
1317 1751
8036 8137
3717 4488
2872 3557
4559 4774
7563 7683
2156 2240
2204 2355
4928 5508
1691 1894
4163 4901
603 1266
7347 7957
136 923
5257 5780
8832 9207
5529 6288
8348 8418
6729 6771
692 1201
4647 4978
352 411
6878 7478
3732 4125
6249 6487
5769 5779
8847 9243
1513 1869
6947 7061
817 1230
5925 6064
3873 4460
4975 5451
8925 9688
5473 5541
689 1454
8762 8961
3534 3999
7743 7932
9049 9367
7884 8647
8374 9013
5783 6434
3626 4318
28 376
3370 4057
6760 6988
7001 7303
7372 7692
276 578
7357 7594
5085 5148
6661 7207
4890 5020
3105 3523
5147 5222
4308 4884
7213 7254
9480 9752
8649 9407
164 282
511 967
2381 2787
7248 7339
1225 1609
7563 8105
4288 4507
6825 7163
350 1100
2157 2902
5353 5399
1833 1892
3954 4319
6938 7608
1132 1630
6312 6752
8283 8830
1278 2057
9135 9697
5337 5849
1631 1809
8997 9601
2595 3259
3645 3984
5201 5718
540 669
2003 2197
5538 5859
9410 9918
9412 9547
9051 9697
1881 2015
4755 5143
9020 9041
2211 2751
7742 7896
9545 9981
128 505
8400 8559
9132 9602
624 1322
7015 7721
1322 1906
1348 1720
3113 3639
6462 7003
664 1237
8608 9073
5097 5739
5843 6233
45 288
6159 6906
4818 5448
276 366
5440 6212
8521 8610
3181 3207
5453 5674
5726 6075
3126 3803
224 902
701 795
3782 3817
6487 7117
9669 9888
393 643
647 1088
2976 3625
4992 5031
976 1301
1074 1675
7564 7628
693 1056
79 82
4261 4901
5313 6074
3459 3545
555 1183
6841 7052
8066 8126
6805 6903
6776 7001
467 670
12 95
4969 5246
4448 4519
3053 3530
8106 8692
7137 7912
2694 3051
6945 7630
1735 2376
45 618
1310 1334
1149 1359
4186 4488
1636 2271
5062 5066
183 224
6499 7020
3885 4028
8981 9580
2802 3177
8706 9439
2921 3535
8934 9083
8987 9590
3282 3563
6514 6934
6377 6561
4282 5042
1457 1532
257 805
5871 6536
6254 6477
3047 3757
7644 7854
9321 9820
5151 5525
1111 1857
8208 8890
8112 8801
9256 9973
6969 7253
2985 3701
4971 5231
919 1226
4014 4526
6404 6637
7526 8326
6551 7140
6625 6966
2216 2708
5422 5911
2005 2482
7051 7057
1362 1704
3068 3323
5262 5377
7124 7348
1996 2382
397 628
9539 9749
6356 6839
1854 2232
9296 9408
1369 2094
6283 6717
5064 5534
2044 2321
5603 6209
7145 7348
9202 9321
4395 4502
6808 7432
278 598
7977 8691
6423 6787
7733 7845
1540 2200
3322 3662
5016 5765
38 732
3207 3699
2066 2295
5790 5924
8370 8823
2503 2971
5914 6582
6362 7031
2507 2519
588 790
2949 3667
663 1400
6907 7181
6283 6479
8038 8105
3798 4178
1790 2442
3912 4672
412 1166
7037 7609
3959 4663
4794 5565
4242 4422
3682 4149
5275 5364
8217 8516
4645 4738
8196 8848
1739 2335
3139 3593
9114 9689
6943 7204
6289 6438
2973 3335
4342 4439
7764 7996
9507 9610
3 132
2270 2765
8305 8920
7581 8068
5440 5793
6778 7527
3552 3967
8200 8432
1946 2605
4786 5160
5388 6141
1915 2317
8899 9164
232 315
2748 3176
7994 8288
8111 8672
5214 5920
2524 2615
8508 9113
640 898
569 1275
1982 2532
1359 1948
3170 3315
9879 9899
2336 2430
876 1121
6670 7210
4948 5436
7365 7414
6881 7056
2722 3130
3920 3997
6314 6363
9333 9957
3976 4469
3021 3236
7130 7388
830 1235
1918 2347
1537 2189
2901 3513
8805 9148
937 1331
2523 3237
4069 4693
2198 2658
2815 3242
3664 4278
503 716
8847 9108
3663 4310
1559 1626
6741 7438
9190 9516
3873 4052
8514 8811
9462 9614
6749 6905
2092 2315
5973 6683
9553 9994
1114 1371
3021 3101
8903 9158
5684 6216
7333 7570
1434 2035
2057 2232
5497 6253
6891 7111
2375 2503
2368 2707
5148 5606
5806 6583
15 782
4827 4897
4733 5240
8708 8783
48 119
8534 9311
2921 3465
5500 6010
7415 8146
1245 2005
5817 6307
8401 8579
3097 3141
8425 8831
9098 9178
2843 3024
3523 4274
220 554
3435 3967
3342 4041
1783 2025
1240 2022
9416 9664
2110 2654
5560 5639
1095 1480
5138 5354
1367 2019
3081 3306
6542 7079
9369 9498
4959 5177
8811 9209
1896 2682
3333 3892
5612 6069
2126 2425
5274 5562
2249 2267
5313 5940
9258 9764
1798 2277
9115 9538
181 961
9053 9560
5255 5666
8258 8880
6943 6983
3538 4176
7080 7177
936 1484
1264 1608
8880 9527
2935 2936
562 699
2983 3601
3579 3826
6108 6766
568 855
3543 3795
4731 4956
4298 4746
7902 8476
717 959
1155 1948
9158 9799
8859 9009
1851 2316
4757 5128
4452 4659
2914 3354
2596 3089
4587 4990
7774 8004
394 1070
2486 2633
8664 8891
8425 9202
5795 6271
7331 7611
335 944
4581 5255
9460 9651
5396 5448
7829 8081
9484 9666
1716 1759
1047 1841
2827 3035
1410 1938
569 996
5344 5421
5850 5894
1156 1658
535 942
7481 7807
5274 5784
1472 2089
7929 8568
2232 2666
6420 6838
9441 9607
3559 4110
8415 8999
7675 8015
5106 5387
9867 9975
4371 4377
458 1097
6376 6761
3997 4383
7151 7520
7975 8352
6994 7748
8989 9601
7552 7698
4655 5134
7248 7377
4709 5442
3602 4022
5473 6029
8933 9004
4299 4746
3005 3373
410 633
8857 9028
67 628
7205 7855
3927 3936
4254 4843
4366 4619
3415 3833
215 614
5914 6285
6349 6689
4182 4287
5721 6284
1698 2272
5338 6019
3772 4386
403 995
9109 9616
6651 7229
4518 4657
6676 7100
9222 9435
1019 1491
5479 5804
5637 6037
156 731
9336 9543
5751 6236
9256 9756
3334 4024
1225 1338
4639 5127
266 316
7189 7926
6038 6554
1580 1989
829 1310
5631 5686
8500 8582
814 1487
7623 7625
6768 6916
3242 3410
9060 9457
2126 2690
6415 6969
3535 4242
404 828
7821 7866
8153 8677
3556 3900
7903 8679
5358 5514
1687 1946
9797 9867
1426 1557
8189 8555
7699 7888
799 1084
370 713
2337 2835
5593 6095
2311 2569
3167 3615
8945 8963
4868 5457
2478 3276
8733 9009
1515 1915
290 603
294 1061
7317 7979
3893 4418
3572 3672
4357 5146
1 284
9371 9389
3429 4228
1631 2403
7687 8126
676 1134
7077 7210
4380 4487
9271 9417
5720 6156
485 608
2888 3521
8574 8929
2857 3128
2882 3195
3344 3894
6563 7152
3469 3742
6234 6386
6088 6095
8144 8596
2700 2866
8146 8549
4580 4702
5104 5249
4278 4978
7473 7690
2017 2312
9256 9915
4973 5460
4623 5031
3164 3595
689 1349
7435 8165
4605 4762
3624 3628
1903 2561
1740 2047
5018 5321
745 1089
7652 7733
4489 5285
3096 3361
5762 6266
7467 7545
9181 9532
4382 4469
217 795
4817 4977
1679 2197
6552 7045
2762 3072
2756 3494
3800 3959
6224 6420
5371 5819
7065 7576
5978 6400
381 827
8462 9011
443 820
5440 5610
8871 9635
862 1023
3037 3132
8944 9473
1478 1707
9696 9965
4478 5268
5927 6357
7601 8332
452 1158
8600 9014
24 688
7153 7495
925 1337
8176 8678
1902 2553
1679 1937
363 656
3652 4220
2833 2950
5065 5530
4215 4281
5897 6131
7266 7395
9058 9109
3783 4052
7869 8536
950 1262
9566 9799
404 872
117 128
1306 1948
7992 8342
314 818
3123 3627
7333 7562
269 783
2231 2896
358 1148
8554 8635
1573 1679
6108 6314
5107 5122
6848 6900
2351 3047
9028 9277
4230 4581
2440 2740
172 177
8843 9322
4369 5006
6506 6877
7209 7827
5486 6276
5501 6018
4778 5120
8294 8485
2941 3414
3646 3783
34 54
6812 7255
1093 1458
6974 7738
9544 9901
3423 4048
5233 5329
3041 3245
1635 1691
4005 4737
7925 8064
8620 9098
6280 6955
407 554
4903 4912
36 164
738 928
425 1115
7774 7861
935 1524
8711 8939
5504 5647
4766 5065
2298 2410
1124 1292
8304 8778
7507 8067
457 564
4029 4182
6393 7077
9219 9499
7769 7795
6756 6771
6713 7381
7951 8222
1314 1919
8542 8713
4872 5443
1384 1993
1825 2406
5613 6154
319 999
2710 3391
1597 1947
8637 9058
3847 4299
6884 7301
5513 6196
4458 4883
9711 9902
4563 4759
2081 2353
7984 8312
6056 6704
6442 6896
8973 9132
8315 8407
5189 5691
1309 1641
9294 9433
5792 6108
2118 2599
7569 8073
2264 2649
3348 3837
8037 8836
434 487
7449 7601
8441 8629
26 796
4200 4965
4501 4808
8366 8979
1362 1622
3228 3415
860 1534
7866 8047
1505 2191
3117 3325
4751 4994
3087 3383
9049 9414
3043 3159
8816 8931
8461 8523
8073 8380
3261 3795
5341 5665
5757 6402
4328 4342
2820 2980
5587 6020
4077 4161
471 1213
4677 4728
5466 5921
5023 5611
9168 9891
7579 8076
1779 2323
3746 4071
5665 5869
4713 4899
2890 3618
9148 9931
3604 4231
5509 6195
999 1480
7509 7881
986 1645
744 909
6965 7281
411 818
5864 6588
6352 6462
4230 4912
1411 1526
8967 9747
4822 5182
3247 3943
2304 2339
302 452
6934 7271
6726 6890
2702 3270
147 575
1930 2026
2293 2869
9505 9541
2146 2887
9235 9884
7268 7464
9290 9969
7974 8248
9196 9800
9298 9644
4048 4136
8793 9181
5300 5746
7729 7961
5238 5449
6838 7363
2460 3178
4337 5094
4982 5316
3113 3609
2587 2791
6702 6992
2061 2334
6385 6894
3786 4577
5551 6138
9051 9214
9584 9893
7964 8273
2460 2461
7773 7993
298 992
4900 4981
5141 5716
6327 7027
8899 9651
1526 2171
8195 8812
7060 7267
7729 7791
2623 2774
2127 2185
3483 4258
4937 5410
9430 9621
1726 2219
5144 5230
2723 2789
3851 4253
4803 5121
4401 4996
568 1005
4653 5194
8505 8986
4362 4587
2755 3310
4426 4621
7858 7911
6459 6587
6585 6766
5235 6031
8233 8825
9310 9646
9785 9950
7769 8021
6981 7596
408 928
699 1358
223 634
6299 6608
163 377
2195 2603
3118 3298
6360 7040
1592 2028
238 432
2701 2709
8751 8767
4640 4647
6091 6771
6732 7212
1261 1850
669 773
1182 1860
6138 6369
9200 9839
766 1275
5159 5805
67 495
9297 9975
5087 5138
8324 8711
74 649
1423 2062
2874 2987
379 1005
6554 7257
5839 6129
882 942
5407 5626
3707 3939
5306 5997
5710 5771
4038 4237
7999 8714
1961 2409
5752 6399
134 266
5802 5954
6055 6597
1451 2170
8696 9476
6798 7249
6963 7277
350 406
7264 7386
575 709
3014 3427
1530 1704
5924 6498
4987 5158
8491 9083
6140 6295
1791 2120
7599 7936
388 1143
3953 4069
7082 7511
8958 9664
2443 2569
6202 6215
5906 6170
9296 9503
2076 2291
5086 5477
8506 9012
3509 3746
5437 5627
7371 7801
3188 3985
6557 7293
1295 1768
1121 1856
1866 2512
6784 6972
1503 2291
1046 1532
1634 2034
2475 3242
1894 2450
9276 9505
1735 2227
3010 3424
1631 1817
8939 9663
2570 2754
9789 9856
3777 4014
4055 4748
3137 3820
4831 5034
5015 5206
705 1038
7769 8053
8473 8626
3684 3971
8441 8872
8920 9141
4810 4819
3155 3223
9082 9616
2515 2694
6228 6700
3832 4578
8373 8876
7327 7685
3032 3597
7194 7500
5661 5775
655 678
8948 9707
1497 2026
8839 9024
3549 3899
8913 9204
2066 2322
2274 2908
5894 6523
8614 9254
6223 6737
8882 9603
2936 2943
5521 5965
2920 3038
3012 3049
4852 5340
9928 9951
885 1590
4369 5081
1386 1591
5183 5667
8581 8863
138 809
3926 4368
328 510
2570 2622
7692 7976
2137 2714
9439 9932
5532 5685
6296 6529
9058 9603
1408 2109
2004 2477
8851 9010
2960 3184
297 431
2703 3366
5679 6070
8103 8235
1103 1800
6047 6097
1841 2197
8563 9247
2905 3511
5596 6362
2227 2305
3835 4604
632 1399
4984 5644
6250 6505
2244 2315
2562 2872
48 301
2982 3259
2798 3214
1074 1586
2046 2471
4039 4808
7221 7931
3623 3935
9220 9332
2078 2877
4811 5347
1121 1912
9095 9447
420 709
8284 8947
3518 4165
9452 9952
6659 7442
8335 8447
5228 5434
7093 7432
5332 5941
2275 2865
925 1277
5762 6040
7511 8244
6462 6600
9357 9988
2160 2578
6259 6324
4239 4331
5961 6581
1554 1717
357 1040
4408 4857
9743 9780
3649 3800
171 842
43 304
6931 6976
6742 7538
2687 2710
6316 6651
7306 7636
8295 8398
8451 8591
250 358
8319 8481
9773 9815
8664 8729
4692 4835
9797 9963
2954 3125
9594 9774
7767 7997
713 1104
8154 8214
9337 9614
199 845
7362 7447
9599 9714
7247 7252
2534 2780
9586 9966
7568 8244
311 504
818 1031
3593 4120
3353 4038
2478 2883
8146 8394
1504 1727
448 648
9289 9389
1391 1497
8673 8769
6407 6661
2889 3488
1784 1854
3894 3940
726 1463
1285 1725
5255 5387
998 1298
932 1273
7826 8492
7044 7052
7126 7813
7564 8330
2574 3169
2194 2396
2368 2688
7100 7186
330 952
6988 7277
1234 1435
2588 3128
6041 6483
5091 5192
5867 5910
1949 2700
3558 4127
4737 5235
7961 8713
633 1431
5195 5866
5305 5519
6884 7656
5847 6201
7927 8313
3270 3691
824 970
5669 5851
3588 3857
1741 2257
4333 4847
7072 7858
2361 2922
9202 9761
8692 8783
5019 5479
5230 5548
1759 1984
9632 9704
326 331
589 1197
4750 5501
5038 5110
7221 7687
7835 8038
113 908
6059 6693
3169 3597
445 679
5489 6216
3832 4151
8434 8515
7892 8097
7081 7233
7136 7627
2568 2805
3027 3513
8354 8841
6763 7336
8915 9296
1701 2123
1134 1556
7485 8249
7491 7877
6295 6946
6509 6663
5009 5790
5261 5416
2614 3175
5155 5718
4577 4964
676 782
2495 2522
3704 3706
1073 1309
4727 5323
4218 4368
7745 8023
6357 6850
5444 6186
2286 2805
1085 1368
5055 5621
1610 2039
2918 3460
3248 3955
298 695
1361 1751
8154 8706
4822 4871
3673 4457
8653 9274
3900 4629
1069 1389
3824 4608
568 916
5354 5871
929 1048
5214 5557
9409 9858
8435 8882
6131 6656
4745 5239
4471 5066
6775 7398
1899 2117
2968 3752
4186 4495
9837 9967
6259 7005
4526 4753
198 925
4868 4927
4237 4934
966 1039
9379 9995
1552 1611
8687 9219
3120 3851
7546 7703
9169 9865
9348 9607
7545 7687
77 854
5294 5499
9008 9085
985 1531
6914 7250
3967 4138
2763 3378
7113 7678
4879 4888
1872 2570
5104 5202
2462 2869
6474 7180
6148 6901
4395 5064
4299 4674
9417 9998
7229 7793
7028 7247
5856 6580
4846 5453
7454 7850
7574 7888
519 583
2841 3064
3558 4347
6430 6819
8814 8818
8135 8537
7386 8093
2847 3309
2271 2576
7595 7828
4436 4804
364 985
8003 8338
9711 9957
4652 5345
1028 1769
255 665
2200 2627
4268 4973
6776 7546
1159 1388
353 404
6308 6610
9804 9930
2714 3315
3907 4461
8322 8543
5355 5977
5192 5688
7764 8325
8509 8753
6898 7637
6420 6894
8079 8240
343 1125
151 913
6350 7033
2406 3104
6355 7119
7795 7990
5600 5881
9642 9956
7 445
5642 6087
6683 7014
982 1114
2678 3135
8574 8727
1677 2050
6397 7053
3069 3259
9680 9767
7615 7740
777 1463
8131 8170
6785 7348
4198 4879
5570 6087
4115 4321
5307 5677
874 920
4170 4799
50 696
2462 2941
1967 2498
6803 6967
3052 3101
4381 4923
8613 8766
4331 5047
41 461
5875 6304
288 628
2516 3058
4775 4918
6819 7028
746 869
8868 9398
3884 4620
9073 9832
6321 7081
5653 5800
6706 7145
5699 6196
2881 2968
1859 2036
6827 7461
4305 4392
8545 9145
1099 1665
7134 7387
6092 6517
4448 4744
5231 5363
3517 4205
8765 9468
9282 9869
7654 7841
1218 1734
5920 6149
7767 8434
1468 2172
6560 6634
3877 3916
930 1585
8488 8763
6190 6305
9066 9601
4454 4914
2673 3203
8504 8702
1004 1054
8005 8197
660 836
461 913
1966 2577
6832 7547
9094 9487
9611 9962
3886 4191
6910 7681
2962 3156
5703 6438
3297 3601
7789 8515
9287 9804
3951 4299
6094 6402
4220 4792
3052 3492
9733 9779
4155 4188
5320 5583
2636 2881
