n1
8787 9124
2870 3412
2400 2475
103 604
8030 8692
3448 3564
2471 2907
1492 2074
6648 6758
7773 8016
5441 6129
6399 6591
8133 8461
9340 9752
1606 1639
3712 3893
6616 7408
1314 1600
8843 9141
3806 4401
8097 8102
2804 3231
3259 4016
4197 4762
8141 8620
1465 2178
4981 5279
4186 4227
1654 2298
6303 6901
7827 8478
3616 4297
56 190
6335 6621
7261 7964
3405 3433
1780 1916
8700 9145
8183 8801
9005 9733
2370 2401
161 868
1966 2584
924 1326
9344 9717
8423 9111
5934 6189
5639 5664
76 573
2332 2419
9204 9366
410 861
8093 8722
4361 5005
6553 6977
6477 6851
5559 5655
8245 8384
7031 7615
859 1150
8321 8626
7600 7627
1070 1247
212 291
9664 9800
526 1161
8129 8825
4505 5068
4810 5118
8881 9326
2010 2364
4688 5329
5269 5277
2167 2714
2960 3553
943 1058
1025 1398
8184 8471
5057 5196
1841 2044
836 1271
5282 5734
1752 2329
9788 9839
6422 6882
1654 2433
8107 8296
7551 7949
7359 7687
1576 1773
6142 6833
7477 8259
4404 4550
8582 8994
7039 7632
465 872
10 259
6961 7017
8933 9395
5734 6528
6546 6682
7599 8033
8625 9312
2458 3227
5275 6071
2725 3103
2374 3119
4626 5399
3986 4042
8308 8839
9153 9743
7658 7843
54 358
8966 9092
4711 5314
3667 4372
3213 3805
539 975
1201 1823
6003 6589
9236 9708
7649 8188
2624 2835
4249 4704
1685 1759
9217 9342
7587 8083
9096 9631
3473 3551
686 1198
3835 4169
9454 9661
5560 5854
4581 5381
2943 3534
1857 1859
601 1321
4393 5058
985 1268
7245 7454
2422 3190
78 617
5430 5664
4382 4688
3013 3167
1520 1634
5900 5913
6822 6941
3310 4000
314 757
2808 3410
3036 3520
814 996
3119 3407
5982 6581
5509 5562
8768 8773
4365 4745
9092 9498
2333 2886
2116 2156
5931 6471
6547 7082
1065 1467
6571 7318
9103 9275
4740 5456
8937 9732
3291 3891
1736 2514
4847 5014
7131 7821
2220 2944
5320 5450
9104 9692
572 1251
9296 9488
6013 6136
8834 9047
6403 6570
5363 5621
759 1305
9325 9602
9099 9406
1085 1199
332 892
794 1267
6264 6663
6401 6803
150 515
3052 3767
6582 6883
1002 1655
498 565
9819 9993
5679 6396
846 928
1716 2428
4408 4967
1880 2633
1056 1101
8154 8306
6684 6758
4576 5294
6289 7073
4036 4612
477 878
8034 8140
3434 3961
2466 2989
5245 5736
4298 4379
7503 7630
7644 8138
9135 9746
7290 7909
1663 1849
1513 1694
8981 9747
9195 9279
9082 9464
9888 9984
2059 2487
1754 2168
9142 9614
377 643
4700 4768
3703 4044
6811 7549
74 212
164 660
9049 9698
4687 5436
432 1150
9148 9201
2071 2849
7153 7300
6784 7314
5461 5502
5454 6244
3172 3919
4338 5050
1779 2575
3483 3986
1750 2015
3275 3798
4948 5496
1550 1966
8792 9457
8274 8434
9169 9783
6630 6726
9383 9419
1638 2011
4160 4718
6117 6765
4761 5041
1815 2191
5237 5600
6377 7043
5029 5829
5277 5394
2212 2267
142 898
6268 6987
1842 2139
2847 3265
6004 6635
4064 4524
1164 1299
2832 3033
1240 1561
2347 2792
3736 4012
1122 1855
5127 5616
4099 4666
8218 8828
1976 2078
7283 7403
6512 6889
4668 5067
7644 8126
5119 5340
8351 9112
646 1360
8579 8627
4795 4942
5153 5334
8249 8434
3871 4165
8193 8815
8690 9170
1453 1674
9243 9819
4855 5317
7450 7622
7791 8073
9799 9815
5702 6207
8768 9048
9681 9816
4305 4770
8475 8484
4466 5055
6941 7253
9135 9354
1054 1376
9349 9637
8784 9291
7099 7844
995 1076
3745 3841
2677 3305
9616 9873
6058 6213
8271 8500
2464 2979
4998 5790
9432 9861
2465 2592
4407 4487
7705 8234
4265 4972
1784 1821
404 587
8749 9332
7143 7588
3 781
8624 9069
6722 7454
2514 2629
9623 9782
1405 2191
439 924
206 891
5827 6218
8263 8264
8630 9058
7014 7231
868 923
521 1074
4751 5535
7563 7773
8821 9206
3347 3447
4691 4874
298 1091
8312 8447
2143 2397
99 440
4406 4609
4764 4855
4877 5548
9104 9477
4369 4551
79 816
5140 5910
5024 5097
1793 2493
5989 6222
1039 1159
7292 7557
437 613
841 1263
8683 8696
8063 8084
6783 7170
5519 5692
7494 7836
3955 4545
5820 6169
5657 5667
6764 6959
5436 5894
5782 5924
1853 1930
3843 4245
5380 6122
2052 2264
8601 8909
8752 9380
8316 8613
4796 4868
3565 4184
3653 4392
6848 7007
34 381
5381 5457
2137 2848
3367 3368
2799 3326
9461 9676
3369 3517
5189 5909
1628 2285
3690 4364
7561 8268
6864 7235
5523 6230
4760 5183
1447 2207
5999 6398
1729 2078
3061 3250
4300 5025
7274 7458
7171 7901
47 574
611 839
3493 3744
183 709
2751 3151
8091 8804
5866 6595
6032 6076
7116 7872
9507 9912
6993 7734
5368 5740
2316 2387
6883 7373
2717 2782
4023 4704
7594 8051
3726 3885
8913 9449
2418 3170
3357 3977
70 652
4560 5119
5978 6246
6275 6519
8235 8344
7959 8704
5137 5519
1598 1859
7631 7853
6156 6290
1702 1836
7393 7760
2797 2878
5000 5347
748 1041
738 798
8195 8715
8646 9273
3244 3677
6367 6639
7451 7483
3192 3407
562 1077
5266 5269
6098 6665
5262 5777
451 936
8129 8477
4402 4585
914 1142
8562 8611
1876 2622
5132 5911
1254 1369
8867 9646
2328 2726
5667 5775
4624 4627
828 1303
8721 9041
1097 1461
1094 1293
2408 2935
4613 4820
464 1064
7481 7948
6233 6585
6694 6821
1065 1268
4665 4936
2588 3036
3290 4017
6061 6216
3334 3843
6491 6757
7498 7851
7213 7954
3182 3862
9652 9847
215 959
2704 2916
4237 4848
7480 7887
5750 6224
719 1204
1298 1476
3843 3970
686 1286
242 247
161 929
5753 5833
8981 9162
4772 5323
2891 3663
1234 1709
6677 6846
4126 4304
8820 9484
764 1210
4471 5053
1067 1548
7600 7818
4589 4680
8132 8706
7316 7893
3341 3748
3000 3473
1703 1954
4702 4957
589 1207
7378 7915
1830 2342
9161 9773
5847 5927
7258 7902
3393 4159
8686 9329
9066 9736
5280 6039
9074 9798
535 959
4562 5075
7714 8367
6224 6416
3212 3622
8336 8755
8859 9099
6697 7429
4077 4282
5100 5232
6177 6796
4262 4567
6696 7396
15 678
6067 6765
4707 5448
8741 9002
7307 7740
1895 2241
808 835
6305 7026
5225 5429
6820 7359
9847 9872
1614 2304
7421 8046
5274 5912
9553 9679
6272 6296
7185 7749
7640 8427
2815 3281
8228 8266
2252 2709
3032 3671
2251 2529
3311 3831
8376 9137
4000 4142
9651 9899
7219 7785
7071 7737
9204 9580
9604 9890
4587 4589
4537 5171
2799 3243
405 574
3562 3674
4881 5445
6567 7227
1403 1543
1107 1658
7343 7705
7469 7637
9193 9768
2729 3016
2149 2714
8567 8620
8749 9192
7838 8438
7304 7815
6363 6924
7369 7422
682 876
1321 1551
3386 3747
5602 6331
3846 4018
2546 3174
446 575
656 1093
8477 9085
1872 2317
7813 8345
5818 6402
4706 5499
7877 7920
1386 1978
7386 8147
2976 3226
9590 9854
705 932
1815 2419
3665 3790
5482 5661
2452 3165
8691 9399
5179 5921
33 443
6732 6789
7987 7998
1815 2292
7678 8322
9339 9490
6897 6990
5290 5908
4335 4482
8282 8733
2244 2523
1273 1508
3026 3434
5431 5949
8834 9516
8463 8964
9416 9963
4904 5238
7385 7761
1434 2122
5144 5569
9881 9941
1118 1267
260 464
9499 9830
9102 9321
3305 3702
8384 8787
7355 7812
105 769
859 1299
2229 2501
7262 7534
3043 3363
8539 9247
6189 6837
8226 8876
3722 3734
5612 5892
4625 4896
2121 2311
2788 3524
4480 4608
5271 5635
3625 4172
7538 8161
9399 9974
4166 4339
8573 8947
7608 7796
9052 9257
3663 3928
4992 5545
1506 1624
3150 3202
6241 6701
2029 2740
1193 1758
3533 3568
506 759
5423 5647
2494 3291
9174 9838
8736 9182
5631 6332
5168 5169
3066 3370
4352 4914
9304 9949
4549 4873
5337 5802
3111 3118
3601 4088
8008 8564
6526 6767
5731 6060
4972 4997
3099 3355
6734 7424
1651 2136
8631 8814
7834 8332
5915 6164
2537 2881
7504 7648
1448 1996
3566 4286
934 1442
9451 9482
3997 4233
762 804
3826 3847
6783 7562
2168 2947
1725 1738
7335 7922
8926 9008
4615 5120
1933 2661
553 757
2776 3418
9643 9700
5772 5912
1615 2020
9432 9593
2841 3079
613 1044
7047 7621
8479 8827
1449 1494
9486 9857
5200 5372
7411 7470
406 1074
836 1258
2817 3477
7514 7690
8589 9288
88 311
7901 8569
9439 9971
1841 2636
8368 8597
718 1443
752 1197
4221 4903
2006 2481
483 518
4960 4986
8986 9634
4369 5149
2610 3309
8878 9556
6299 6632
4721 4936
1866 2647
4251 4819
2154 2547
5914 6122
5521 6301
9789 9882
8967 9670
7519 7991
4698 4782
4980 5495
6786 7458
8562 9154
1583 2217
1142 1349
9864 9990
77 369
4694 5250
6920 7055
6295 6764
543 959
5881 6438
7566 8177
4229 4711
2055 2260
3600 3867
7088 7392
112 814
3089 3738
519 639
3984 4611
6029 6252
8206 8527
3022 3108
6789 7518
9064 9758
7142 7803
544 1112
9058 9226
8930 9497
4432 5090
9232 9402
1533 1590
3716 4378
2583 2607
1385 1969
6683 7194
9499 9928
5423 6189
8485 8574
1435 1720
6049 6147
2052 2316
8094 8573
7859 8444
7544 8333
2057 2157
4537 4984
2009 2760
8025 8057
2310 2818
391 885
3154 3643
6661 7356
5712 5717
4210 4689
2302 2828
4292 4498
4668 5288
4754 5277
8101 8351
7594 8351
1149 1792
2 616
4863 5442
8424 8630
6983 7036
32 775
3764 4020
9659 9970
5508 5601
3485 3629
3419 4116
3588 3766
8512 8878
7584 8134
1409 1674
9245 9712
974 1183
6170 6462
3715 4352
6731 6788
8530 8723
4549 5005
929 1113
7260 7807
7727 8466
8610 9286
372 778
7081 7524
995 1237
5410 5894
8151 8391
808 993
6174 6934
9801 9900
3911 4612
301 585
8052 8207
447 1010
6966 7167
2005 2367
354 598
3995 4523
9569 9699
7747 8279
6554 7213
9081 9122
412 1046
2731 2783
7000 7470
9942 9997
896 1516
6188 6240
4049 4226
8064 8861
1129 1673
7331 7760
443 1196
222 355
3055 3580
7056 7206
8922 9687
6001 6686
357 863
97 868
2781 3365
2600 3356
2458 2824
606 839
8938 9188
8798 9297
9253 9636
4746 5160
6308 6776
5490 6144
2580 3145
514 665
9294 9609
8435 8922
4030 4311
9453 9833
6439 6922
739 812
1454 2189
1571 2323
1044 1229
6548 7072
1509 2041
8941 9621
2531 2618
6116 6606
4146 4168
4511 4991
9149 9713
5835 6322
2171 2721
2639 3401
7114 7623
4150 4224
9268 9859
5365 5852
412 433
2182 2624
6021 6180
961 1303
1619 2071
6018 6658
9473 9932
1576 2075
3708 3709
7610 8315
4918 5277
7001 7293
8346 8905
1907 2032
617 744
1197 1497
4307 4455
3143 3380
1581 1965
4023 4128
9052 9176
1471 1542
9624 9830
9097 9696
2222 2991
3787 3847
7042 7370
48 814
3522 3942
5402 5489
9069 9775
8880 9662
7823 8612
6471 6697
4937 5060
4125 4684
5417 5719
6556 7273
5847 6027
6765 7064
3803 4556
3068 3138
7184 7394
7318 7740
7494 7781
9202 9447
5387 5992
6208 6316
9336 9940
4256 4687
384 747
8767 9545
2959 3574
7320 7496
1001 1760
935 1223
8687 9060
8747 9374
7348 7853
4059 4699
768 1467
6216 6947
2668 2880
2987 3561
1305 2012
900 1004
1655 2216
8443 8782
7029 7528
6360 6998
1628 1731
6686 7321
489 843
5542 5613
5286 5910
9703 9742
n2
9441 9806
3417 3508
5177 5344
2226 2904
2084 2176
1332 1780
5839 6145
6463 6597
8320 8867
5742 6339
5987 6432
145 548
8586 9212
7147 7915
6566 6947
1772 1939
1199 1841
2915 3377
4170 4324
1024 1087
127 513
9785 9962
2629 2684
3457 3677
2624 2928
7199 7413
3516 3947
170 823
801 914
2207 2741
819 987
2071 2401
4200 4279
7712 8232
6479 6719
3850 4465
2424 2829
5786 6527
7906 7944
86 672
533 586
188 677
3545 4249
5319 5878
8336 8559
2751 3290
4614 4948
1898 2070
8884 9580
8704 9065
8785 9003
3250 3552
6751 7323
1526 1926
491 620
7023 7582
2457 2465
3362 3863
8689 9340
8410 8452
4284 4441
371 477
4905 5265
4286 4840
3426 3902
3480 3821
4459 4863
3285 3716
2623 2923
2662 2807
6135 6520
2716 3260
2884 2894
688 1006
5935 6083
939 1375
7514 8199
8615 8929
7164 7492
5216 5834
18 285
7807 8389
5821 5869
2081 2758
3232 3462
9784 9799
5741 5966
8969 9374
7629 8210
1954 2739
8869 9661
4884 5538
3016 3206
6747 6987
5506 5986
1292 1905
204 952
6289 6388
2618 2694
7842 8506
7856 8385
3295 3482
1522 2171
1457 1987
712 1431
5589 6106
8064 8297
565 1270
9364 9398
5856 5858
2975 3061
8844 9502
3383 3895
6227 6685
4974 5774
7716 8211
9070 9422
7999 8660
5217 5871
1825 2487
6537 6990
9527 9945
6274 6308
8708 9040
1127 1214
562 1279
9431 9901
7508 8082
6741 7093
3512 4100
4647 4778
7716 8005
7517 7615
5560 6322
6502 6549
915 1051
2934 3721
6928 6950
2209 2947
2291 2817
8934 9691
5385 6153
4469 5093
5399 6019
9686 9785
4068 4147
4718 5418
1994 2233
5610 5680
4079 4587
8287 9072
917 1663
6719 6983
4990 5675
2901 3040
2769 2981
6057 6130
6245 7002
6250 6353
9580 9607
6869 7523
498 764
5632 6208
4658 5421
4192 4928
3775 4172
967 1621
4087 4527
2109 2171
1611 1866
9049 9708
3983 4406
3789 4248
7974 8169
5438 6124
9242 9844
8111 8178
8378 8516
7853 7960
8672 8836
5049 5394
6619 6656
8627 8928
6879 7046
3946 4057
3490 3757
5219 5935
1692 2005
8262 8977
5889 6630
5473 5786
3466 3900
5298 5485
3970 4053
1549 1885
7492 7776
6230 6361
489 1233
3422 3500
698 1233
157 370
5049 5366
4010 4178
3760 4302
2934 2978
1318 1689
1757 2374
694 830
2308 2651
119 728
7269 7715
8153 8682
662 729
2904 2959
9806 9850
4972 5158
7289 8078
1176 1718
4567 5318
922 1643
7188 7459
5757 5916
378 1171
1707 2196
4195 4407
3996 4397
2210 2412
2310 2654
2086 2886
4565 5272
1733 1959
7786 8551
4721 4931
2046 2480
4685 4862
7929 8513
8043 8808
943 1738
8549 9279
2028 2533
5755 5874
702 1027
5255 6006
5775 5849
834 1072
5918 5965
8393 8641
9316 9715
3159 3917
5483 6026
6924 7691
2779 3395
7774 8547
2867 2995
1647 2082
9222 9439
8525 8805
1410 1641
343 497
3886 3925
4137 4628
7041 7469
2350 2806
1399 1752
5117 5125
2140 2385
5921 6430
8033 8272
8101 8245
244 858
8533 9245
2782 3354
710 1323
8937 9015
750 1044
1122 1125
9636 9761
7746 7898
858 1070
1317 1713
5019 5331
6546 6871
2825 3293
4290 4382
1969 2705
308 868
6637 6668
9134 9737
8516 8692
7792 8294
5329 5517
2704 3446
3898 3905
1848 2588
7249 7902
5861 6315
5216 5297
268 589
2890 3221
6768 7067
5374 5737
4600 5258
2949 3123
913 1404
6288 6717
2316 2585
7206 7892
941 1134
681 1348
8673 8959
3120 3651
5179 5708
9563 9812
2645 2647
4293 4516
167 353
8206 8445
138 588
9779 9882
3139 3754
3603 4190
1233 1435
9190 9813
4343 5136
386 844
4754 4789
5350 5827
4555 5115
6813 7170
8600 8765
1191 1982
1580 1633
581 1008
3843 3844
7304 8015
51 483
8739 9456
6429 6432
1275 1451
1382 1756
7568 8347
4880 5603
5666 6118
8152 8577
9169 9893
632 1113
136 594
3153 3601
2096 2619
3402 3540
2832 3260
6254 6811
6364 7152
1066 1196
4051 4768
6123 6613
3739 3907
3217 3857
2856 3570
3490 4171
8755 9523
5481 6180
9405 9785
1838 2617
1242 1335
4263 4456
4714 5025
2919 2993
41 789
3800 4223
2308 2521
4762 4866
2079 2394
1665 1891
9048 9604
8224 8577
3217 3806
8219 8374
4179 4227
6362 6710
6571 6753
5770 6346
6233 6796
1177 1750
503 855
6479 6704
1241 2037
3166 3475
5494 5750
4372 5001
5225 5445
8595 9226
8513 8941
3393 3439
2962 2994
3882 4621
4108 4882
1701 1974
2777 2845
5080 5282
7125 7425
8674 8709
8107 8350
6183 6411
8184 8779
4101 4449
3146 3566
8446 8905
3798 4582
8068 8591
9758 9886
6112 6590
6985 7265
285 1083
4699 5293
6945 7378
2538 3254
3342 4107
4756 5509
2083 2543
2565 3321
3141 3197
6841 7362
7897 8327
6562 7207
1980 1990
7914 8348
6791 6861
2816 3418
2459 2739
7868 8494
6758 6853
5789 5878
1014 1654
9339 9698
8919 9455
4879 5101
2726 2793
8705 9330
1488 1508
8262 8398
3642 4299
4660 4889
6230 6440
8882 9084
8669 8799
3857 4140
4331 5081
621 742
6163 6577
1615 2195
2312 3011
5964 6221
5715 5722
8072 8866
62 292
3128 3335
3656 3947
8051 8285
8320 8633
1305 1332
8480 8890
9616 9683
60 501
891 1304
7970 8012
2682 3073
9078 9528
8828 9501
6020 6589
8402 8628
7170 7856
377 1071
8150 8201
9323 9521
3118 3490
6522 6897
1336 2011
764 1422
9898 9954
6109 6488
8754 8903
3959 4482
785 1186
2381 2796
5808 6489
273 507
534 875
5271 5305
9573 9683
8553 8654
4942 5022
8187 8615
5566 6158
8334 9092
8333 8525
8337 8584
1790 2408
2245 2603
6616 7361
5159 5928
7075 7751
3663 3947
1010 1227
3030 3681
365 613
9291 9473
5596 5977
1071 1761
6697 6812
2099 2317
6279 6409
8170 8201
4569 5052
8077 8513
7307 7601
6290 6509
6431 6599
6638 6848
506 806
4991 5186
7613 8282
1861 2107
5373 5478
9043 9272
274 841
926 1385
2710 3075
7286 8014
2187 2962
5443 6129
7355 7896
6140 6867
7727 8103
2559 3099
4076 4204
7270 7620
1495 2183
6122 6246
4925 5222
264 649
356 883
9408 9676
3103 3748
1056 1436
3299 3946
603 903
1454 2077
1917 2535
7234 7886
4084 4179
7297 7370
9107 9711
3751 3840
4253 4870
1788 2559
927 1510
73 339
4770 5181
5363 5554
6073 6695
5992 6267
4257 4825
8512 8919
4402 4695
8572 9322
6304 6619
2305 2648
3712 4375
2053 2457
3174 3331
7928 7942
2472 2724
519 1252
7868 8197
4660 4807
5308 5337
5400 5761
2043 2549
1772 2018
4428 4925
4577 5343
6389 7106
246 721
8227 8445
7772 8128
1169 1913
1293 1397
8997 9666
8003 8120
7361 7869
6468 7234
594 1056
5372 5746
6312 6511
5106 5333
3666 4120
4359 5014
4813 5527
5015 5771
1305 1775
129 903
1813 2523
6326 6752
339 871
2058 2568
4201 4753
2169 2434
1647 2205
8740 9139
6917 7164
9107 9478
7665 8208
6746 7164
4860 5587
8663 9268
2546 2598
6352 6355
918 1288
8967 9543
1152 1514
8845 9325
4857 5138
2519 3125
5795 6029
1484 1843
1484 1810
275 940
8928 9532
7309 7783
3852 4122
3032 3266
2347 2999
8681 9117
9023 9715
25 100
3935 4099
9807 9985
245 632
9657 9737
1532 1565
7527 7818
2256 2863
3750 4138
3470 4262
767 1523
4788 5393
6092 6507
1206 1853
9049 9251
7843 8098
3170 3229
9794 9912
34 441
458 925
387 430
1709 2015
7467 8261
4294 4912
3929 4298
4515 5235
907 1255
1202 1206
1234 1722
9329 9659
8738 9443
326 388
5946 6714
4865 5436
7431 7682
8336 8774
9121 9125
6395 6533
3677 3702
5953 6111
7584 8102
2337 2970
2717 3180
4556 4988
821 1290
7856 7866
2126 2443
8259 8960
3812 4100
832 1143
4684 5464
7986 8588
4183 4719
5225 5850
129 138
2844 3310
7670 7779
3691 4335
9124 9211
8727 8964
7403 8068
1762 2337
6857 7603
5174 5777
294 460
7808 7901
5449 6113
5046 5736
234 900
7417 7456
111 209
7539 7963
423 676
309 374
6839 7092
646 974
4124 4477
569 1201
9317 9366
7885 8498
3860 3898
9206 9652
3531 3666
2938 3576
8708 8848
4955 5134
2931 3437
7098 7293
130 785
2069 2673
1772 2108
9566 9805
2651 3070
719 1379
1928 2471
2476 2486
2785 2972
5917 6523
9249 9538
8947 9688
2307 2465
6134 6812
1745 1792
232 805
9447 9919
364 412
1558 1633
3374 3951
3414 3705
720 1037
4554 5353
8922 9260
1709 2323
347 605
774 1507
3093 3301
9154 9881
5638 5841
2667 2858
4614 5076
2469 2492
5754 6040
4798 5560
40 62
9315 9888
6652 6689
8016 8729
5033 5313
6445 6877
3208 3373
1945 2649
1919 2405
6965 7532
8134 8337
4648 4673
6209 6411
7048 7094
8048 8700
8937 9704
8565 8786
8508 8871
3038 3305
4790 5145
1292 1546
4528 4895
1048 1405
8307 8785
876 1497
2329 2353
9606 9860
284 767
5691 6293
2418 3087
4885 4903
3582 4210
5802 6004
7921 8525
3213 3529
1835 2394
7644 7693
6614 7286
7451 7556
4697 5118
8544 9325
633 1253
1361 1475
4784 5422
8495 8813
9035 9523
667 1021
1373 2014
9579 9935
30 219
951 1533
4496 4505
758 1459
5244 5934
3384 3554
6403 6966
1209 1513
9006 9054
3095 3746
9577 9600
6388 7078
9165 9677
5824 5890
9424 9891
8856 8899
8835 9591
1235 1540
258 732
6441 7192
3150 3169
945 1601
8890 9380
427 1224
114 688
3738 4399
7924 8042
7232 7828
9480 9785
8606 8805
6173 6303
5081 5834
649 761
4662 5300
3780 3819
7822 8062
864 1613
8193 8627
1372 2128
6371 6949
1834 2407
7775 8428
549 640
9177 9271
534 1214
4939 5551
8269 8965
5194 5411
6730 7148
4032 4332
6420 6644
2486 2806
21 466
8038 8623
398 500
2074 2141
6338 6446
2897 3159
4907 5214
6205 6966
7471 7669
6567 7209
1569 1722
9551 9915
7531 8044
6116 6527
471 648
1077 1754
2946 3501
471 705
8867 9222
3160 3173
7514 7955
2725 3002
7400 7729
7812 8016
4779 5262
5401 5571
7431 7521
136 343
6993 7203
792 1480
1590 1769
9390 9825
7907 8260
678 943
6889 7582
9147 9699
7108 7321
809 841
8981 9670
3578 4289
3456 4072
392 981
9201 9570
1825 2070
5001 5159
2601 3067
7989 8048
7889 8433
863 1058
193 448
8834 9160
8547 9018
8410 8882
9637 9726
2392 2698
8579 8665
3706 4366
4920 5617
9031 9460
3216 3786
666 1385
4061 4623
2090 2323
976 1335
4546 4758
2391 2656
5501 5518
117 334
5207 5993
4945 5684
7757 8072
2513 2620
5531 5843
9670 9933
6650 6893
4449 4726
8749 8942
7221 7475
7309 8084
2512 2859
4288 4985
856 1643
1302 1625
3187 3385
3175 3255
3091 3531
1615 1939
1908 2650
5722 6400
1480 1946
8063 8706
232 568
1891 2439
5117 5543
6443 6592
3696 4471
3093 3296
9206 9826
2301 3098
6925 7094
9354 9506
1803 2207
8498 8906
8108 8867
3519 3631
7819 8599
4703 4851
3650 3817
9764 9819
5927 6132
5 507
2106 2581
8307 8349
8206 8373
9470 9471
3016 3103
6837 7084
7701 8376
2052 2086
4456 5025
365 997
2964 3194
7708 8174
1819 2505
4813 5366
458 847
8321 8838
6502 6858
286 307
5871 6454
4698 5444
7550 8259
2396 2713
4174 4922
1079 1519
5904 6405
1707 2323
3332 3633
8275 8954
1626 2268
5778 5807
1191 1934
824 1602
1265 1546
5802 6458
6624 7304
6793 6805
5851 6571
697 1303
7391 8155
9416 9519
4218 4919
36 724
6759 6776
4368 4723
4266 5041
306 995
2973 3553
7954 8341
5854 6639
6686 6873
1221 1532
1074 1628
1231 1501
1849 1955
5687 5865
3776 3892
7141 7214
2062 2310
367 607
5638 5838
6222 6733
1440 1967
201 590
6233 6888
9295 9769
4434 5203
1386 1496
9111 9865
2104 2477
7086 7432
7988 8611
6286 6299
8584 8855
1017 1257
86 606
4451 4853
2269 2853
7365 7927
8517 8585
1993 2192
8581 8822
1611 1750
9895 9968
3355 3604
9348 9887
5784 6008
18 471
2051 2084
2792 3165
7464 7982
98 670
3710 4271
5866 5879
8807 9315
2849 3207
3514 3758
8211 8400
7296 7442
2617 3378
372 437
800 1176
9821 9944
8925 9069
1545 2137
6981 7674
67 167
3477 4087
3831 4294
8104 8549
2492 3077
6156 6419
1024 1164
7107 7609
5866 6033
5065 5519
5792 6532
2116 2421
1958 2086
7299 7458
2545 2782
4734 4909
2240 2687
9669 9911
6607 6761
7054 7270
6841 7332
2792 3375
2134 2593
1964 2341
1147 1912
5176 5789
8620 9019
5700 5820
1524 1674
9585 9942
3598 3605
255 279
9374 9832
1264 1876
663 695
1141 1350
6030 6269
1295 1890
4069 4677
8247 8982
7605 7631
7875 7994
152 279
1038 1305
127 207
654 803
6395 7176
4715 5191
7552 8273
3434 3642
7933 7951
4179 4744
4937 5355
4400 5138
2756 2945
1170 1448
2988 3138
1504 2245
561 784
9002 9360
143 369
9611 9780
7191 7822
3435 3710
4669 4743
67 202
4433 4579
7721 8206
1529 1745
6385 6691
2622 3339
7820 8286
4415 4918
8523 8592
8788 8924
9623 9679
5991 6486
8047 8635
5751 5867
8148 8159
6103 6246
3032 3757
2630 3163
8670 9314
2883 3545
4998 5061
9290 9438
4870 5528
8223 8387
3275 3881
1542 2074
6371 6457
8083 8739
26 218
912 1585
933 1545
8733 8808
9357 9734
634 1043
8747 9197
7888 8067
8034 8825
1137 1479
9431 9696
1323 2004
7487 7906
6992 7671
527 1286
2244 2371
2749 2916
3777 4090
4666 5216
381 468
533 975
1752 2334
4668 4977
2384 2976
2402 2460
1958 2073
7092 7615
3535 3816
7260 7279
945 1466
7397 8104
5829 6385
7064 7597
9032 9377
8245 8390
8061 8713
8002 8144
9112 9748
8562 8931
249 931
9171 9430
2930 3465
1873 2326
9281 9739
6835 7047
9699 9811
7339 7994
8905 9701
4388 4452
1427 1507
3727 3862
7718 8262
7072 7295
1928 2532
413 442
230 766
5101 5304
4190 4549
6074 6156
7126 7333
5331 5982
858 1286
8648 9238
4466 4523
7347 7802
5981 6172
170 925
8901 9262
1515 2096
8758 9328
2065 2499
4889 5410
2682 2887
5982 6388
8369 8987
1684 2469
1088 1272
5402 6124
4101 4133
414 502
3797 4206
4927 5638
4316 4499
7368 7559
7631 8270
4312 4658
819 1289
4669 5396
6922 7062
2883 3425
7562 7682
8962 9286
2722 3058
26 253
6848 6892
4195 4330
9849 9892
3095 3455
1409 1548
3306 4020
1273 1502
2136 2146
2302 2323
6312 6423
513 564
933 1572
3084 3241
4050 4116
1254 1723
694 1482
6205 6211
3074 3242
4487 4666
436 1179
4180 4330
3952 4730
1178 1372
2803 3345
427 577
1524 1742
5089 5775
4444 4559
407 619
2175 2383
619 997
6366 7001
3844 4229
9530 9820
9042 9275
8100 8587
5948 6073
986 1767
5375 5544
806 953
2003 2792
2118 2232
3789 4577
8529 8614
3902 4236
3654 3947
3778 4468
9007 9378
9476 9868
4817 5033
2835 2951
4725 4985
2143 2604
6796 7549
9333 9827
9359 9869
4 532
1434 2098
9036 9820
2370 2443
8370 8947
3978 4378
6473 6914
298 809
5480 6099
542 953
65 536
2129 2876
4382 4487
135 520
7126 7442
7917 7965
3309 4012
8428 8934
1354 1999
7827 8614
2948 3651
4101 4646
6125 6923
7694 8060
7686 8334
2913 3427
4098 4613
141 618
7552 7879
6786 7221
6328 6934
6692 6813
3983 4298
5293 5744
6034 6327
1273 2071
733 1063
5302 5726
627 1328
3217 3646
8907 9293
3857 4381
1796 1821
4046 4597
5094 5639
7680 7973
3203 3643
525 817
6930 7564
532 1048
7017 7134
2442 2689
1410 1499
9808 9914
4733 4917
4545 5258
482 1039
8981 9200
7917 8221
7954 8034
9497 9775
1830 2420
2827 2985
2529 3213
3224 3867
8460 8591
4530 5155
9751 9800
3036 3323
6476 7105
5968 6194
6898 7673
3347 3391
3276 3655
2719 3179
9639 9968
35 303
8185 8341
5243 5883
5645 6359
4238 4502
3861 4379
7711 8146
1143 1342
6930 7584
5988 6585
1195 1236
9098 9628
928 1630
624 1119
5959 6213
1964 2085
3825 3858
6403 7022
3582 4219
9296 9579
84 273
3667 4108
9382 9660
617 873
7041 7226
6012 6712
652 1155
7803 8533
3066 3120
7513 7637
2626 2740
2360 2859
3142 3888
2842 2885
8615 8994
7974 8110
6952 7419
8480 9033
9004 9091
5473 5579
2590 2634
2403 2964
1027 1402
2399 2489
4586 4968
4616 5065
4283 4959
5166 5573
504 548
3112 3901
8089 8111
1809 2495
1309 1516
8873 9495
4637 4659
4296 4509
5979 6219
7340 7998
1028 1680
5852 6285
3250 3900
1395 1906
102 664
2294 2876
2927 2998
286 526
851 1489
2772 2917
6824 7334
9265 9929
6951 7701
9314 9902
5753 5768
8542 9247
7603 7873
6472 6780
2699 3024
3861 3947
4047 4345
8799 9064
860 1119
1515 1645
2454 3095
4568 4870
4862 5401
3485 3669
5126 5816
5443 5511
2156 2580
4263 4406
6545 6856
2720 2971
3487 4154
7512 7679
4640 4920
7110 7870
5291 5385
4067 4400
6103 6488
5585 5951
4088 4538
4215 4838
691 707
3872 4010
4711 4876
1090 1270
8373 8963
8977 9426
330 443
2094 2606
5409 5671
4649 5315
4227 4566
6090 6510
7706 8417
9027 9733
6438 6515
2596 2781
850 1634
1393 2189
1318 1486
9443 9810
364 476
581 1052
7381 8152
8739 9173
1981 2146
8072 8504
2264 2743
4419 5036
8545 9185
4891 5508
1182 1792
58 493
4079 4127
9294 9970
2123 2516
97 135
2771 3247
2364 2409
9483 9951
4530 5275
3439 3867
3494 4221
5037 5543
318 522
4424 4474
390 1082
4299 4365
6955 7212
5116 5827
8302 8425
9433 9672
4042 4718
9675 9931
3014 3332
6941 7693
205 541
7559 7944
6291 6772
77 669
3763 4203
6715 6931
1469 2023
1506 1554
1384 1758
1026 1662
705 763
178 261
357 962
7629 7724
7834 8510
4054 4449
9408 9596
3820 4206
4394 4758
7692 7716
1668 2159
1868 2241
2076 2777
7767 8136
6216 6664
5142 5153
6707 7136
8956 9102
7566 8176
2666 2994
117 737
7163 7430
1792 2435
5832 6112
8362 9099
4338 4604
8191 8222
2983 3249
2881 3344
9146 9677
3787 4493
9844 9983
2675 3388
8626 9015
8986 9668
4465 4747
9059 9226
1737 1903
6962 7575
2110 2309
9236 9614
3507 4207
7662 7943
6308 6618
4576 4662
93 168
8851 9503
7784 8367
6761 7318
721 1461
6672 6711
467 495
5506 5835
9628 9923
7456 7947
676 720
4148 4645
7811 8399
5777 6311
5285 5347
5997 6512
5921 6539
4789 4821
2351 2589
916 1129
317 360
9572 9835
8854 9013
7176 7786
3385 4009
605 638
7387 7576
399 662
5530 6132
1456 1749
715 1214
6807 7197
2277 2590
5679 5904
129 393
4391 5077
5594 6082
4910 5143
7440 7567
193 550
1617 1750
5880 5988
9268 9810
8750 9019
8993 9505
3577 4008
7001 7030
2871 2905
83 874
6899 7575
7326 8051
5301 5508
88 773
9555 9797
3786 4521
8190 8383
551 682
8251 8707
2874 3630
4472 5272
6088 6861
432 464
7559 7883
1819 2444
3473 3917
7228 7802
333 835
2422 2587
2977 3439
4166 4767
4976 4993
3191 3806
8520 8556
2932 3262
7151 7598
5308 5621
7462 7696
4096 4265
1901 2014
6272 6723
9023 9372
2726 2824
7764 8235
2424 2609
6182 6251
8793 8845
7479 7827
8371 8470
1957 2093
5143 5732
5726 5868
3269 3803
2 765
8716 8968
8516 8814
8699 9472
2110 2439
2209 3009
2656 2762
3311 3755
5023 5048
3033 3531
4731 5370
8222 8919
4655 5394
286 876
4833 5557
9233 9333
2198 2784
7181 7891
3229 3732
7835 7852
6538 6870
4225 4754
5742 5801
4104 4193
3007 3396
3598 3891
5315 5509
8987 9646
1516 2295
5154 5169
1920 2250
7080 7124
7490 8115
6054 6331
4414 4981
3355 3717
6169 6740
7551 7581
9336 9556
235 417
5827 6006
3899 4583
4943 5653
9208 9642
999 1580
6973 7042
5994 6181
1482 2277
4669 4902
2984 3014
6138 6739
7509 8259
3607 3861
1357 2141
3445 4218
888 1003
2048 2109
3075 3763
9050 9785
7557 7898
928 1090
673 1431
3832 4090
8913 9697
997 1301
8470 8930
6838 7570
8072 8074
1251 1756
4602 4813
8405 9191
2824 3496
3100 3661
3161 3787
6493 6509
7471 7654
7795 8125
849 958
8695 9475
4669 5007
874 1369
9348 9936
5411 6172
4929 4980
5105 5504
9623 9818
8176 8970
5435 5767
1438 2225
4226 4689
2333 2587
204 623
658 840
597 729
4547 5021
7205 7288
8149 8530
8031 8731
5761 6099
5965 6469
4850 5425
970 1215
9021 9679
8482 8681
9053 9147
1988 2002
1119 1332
3031 3279
1964 1976
2942 3145
5763 5866
8880 9035
7375 7620
8288 8928
8151 8153
7546 7631
3487 3533
1958 2622
6777 7378
8574 9287
3237 3817
475 645
4571 4915
7662 7842
8465 8479
7251 7705
9034 9182
5690 5775
6026 6053
3586 3722
1000 1258
1551 2300
142 206
1038 1319
6072 6257
4333 4522
1897 2232
4842 5611
3355 3925
9517 9868
7118 7192
4714 5034
3033 3392
9552 9639
4627 4939
719 1240
2907 3219
1046 1730
7794 8265
4571 4690
346 900
2245 2526
7401 7464
832 1519
5099 5341
7358 7783
5112 5809
8372 8992
9092 9243
5234 5986
2468 2694
7642 8058
3065 3683
7466 7767
4074 4153
5283 5867
1243 1875
2581 2635
8873 9567
5862 6205
5815 6155
48 132
4456 4975
111 540
7307 7630
7140 7284
8339 8697
5031 5430
2639 2785
2558 2833
3665 3850
641 786
5597 6000
9640 9697
99 181
1108 1642
8248 8727
179 671
4324 4400
4430 5167
4154 4177
2790 2996
7714 8218
9396 9611
283 391
6035 6207
7507 8207
3398 3894
4458 4953
7216 7240
1511 2108
6668 7369
676 1419
2030 2369
3398 3584
1301 1560
5464 5811
3066 3757
5115 5194
4971 5323
3957 4405
3902 4609
6805 7284
1421 1692
4550 5097
7333 7853
2676 3297
3477 3899
4706 4966
649 968
5960 6640
3051 3601
5723 6236
5615 5685
1028 1705
1670 1984
2242 2963
3991 4309
6087 6598
4290 4375
932 1120
4214 4899
2888 3044
1711 2270
6703 7441
4271 5064
2964 3257
4653 5348
8336 8875
9799 9821
5002 5229
5333 5723
12 640
5881 5942
4258 4569
5191 5634
7988 8082
6902 7297
5666 6214
5595 6083
2642 2834
9707 9801
6575 6642
4581 5174
9262 9827
559 966
54 194
9780 9839
7477 7868
8471 8859
109 637
1407 1614
3837 4202
5386 6160
6518 6664
1959 1961
4633 4934
3646 3809
9252 9515
9160 9195
3045 3743
7506 8250
4999 5266
5166 5809
8677 9081
5554 5652
8125 8500
2672 2839
5404 5739
2012 2577
1366 1437
1529 2322
4987 5298
8608 8750
1547 2187
8303 8586
3860 3986
1047 1815
1065 1620
8124 8144
349 790
3889 4497
821 1481
2504 2672
5654 5698
1275 2014
9090 9418
7497 7527
6691 7384
6229 6337
7231 7650
8 128
2260 2852
3041 3196
95 727
1433 1665
8979 9462
5040 5451
5978 6478
6000 6614
239 1031
519 1057
476 750
2851 3445
6290 6525
700 840
6642 7198
5301 5336
186 782
71 404
9626 9952
5583 5998
4948 5635
1349 1765
2070 2265
4114 4500
4874 5535
1020 1502
8960 9067
2907 3429
9000 9625
2060 2489
5116 5551
4348 4453
2334 2516
6144 6646
5963 5970
3830 4311
6618 7299
4911 5556
3435 3792
6203 6968
7123 7720
3113 3869
4153 4569
5774 6555
8188 8844
5890 6489
69 777
4306 4634
767 1033
5219 5406
3736 4035
9425 9919
9067 9649
8541 8576
2522 2533
2274 3058
2496 2794
1194 1558
8578 8604
3313 3464
1404 1973
5781 6527
2009 2315
2483 2731
6407 6649
7955 8254
5140 5711
5408 6004
4189 4707
2085 2615
4705 5113
4226 4254
5569 5651
2395 3006
6822 7450
62 767
7101 7685
9087 9741
4652 5153
1651 2304
6530 6807
5729 6022
9555 9824
8628 9397
8688 9336
5033 5476
8316 8877
3494 3505
1925 2038
8747 8923
776 1000
5248 5954
3505 3950
3561 3902
1060 1269
8122 8271
7979 8461
1722 2404
4481 4499
9160 9546
721 995
8353 8754
6108 6617
26 276
1028 1045
4140 4728
3015 3661
7735 8315
1983 2656
877 1510
4389 4432
2054 2318
1384 2084
6455 6996
2592 3318
8863 9015
7794 8132
6165 6290
4217 4246
9356 9882
5728 6480
8226 8327
7585 8350
5471 5545
9258 9734
7219 8006
2938 3443
2016 2777
2489 2578
1717 1947
9318 9658
23 283
8733 8787
2458 2579
8279 8537
7160 7173
1035 1299
9413 9946
6937 7231
8631 8679
9045 9336
8676 9217
6508 6825
7495 8198
3300 4043
8583 9355
876 1027
5925 5987
7891 8313
6609 6763
5599 6240
6047 6197
8727 9350
8259 8985
605 1036
7796 8091
9377 9694
1177 1897
7940 8315
4320 4907
8649 8786
9129 9215
3606 4323
2540 2956
5923 6324
320 728
3876 4531
6890 7231
8791 9262
9738 9935
9414 9955
8370 8753
364 737
7320 7438
9199 9991
6818 7418
3533 3843
4122 4879
4937 5234
3937 4532
1670 1676
2771 3303
1179 1519
2270 2957
3873 4641
2475 2511
4428 5203
9469 9768
895 1094
1428 2169
8842 9323
1780 2214
2034 2604
341 479
2403 2521
1264 1977
8785 9265
8035 8169
9281 9862
6008 6262
4840 5375
8141 8259
3 653
4331 4828
6900 7664
4264 5017
4907 5040
4245 4944
5624 6134
7062 7260
4975 5102
502 515
8802 9388
118 249
7070 7536
997 1713
9128 9653
1115 1515
1114 1330
7106 7660
9397 9928
914 1531
2389 3106
6254 6447
2553 3152
5758 6157
7275 7534
9380 9401
9237 9449
5008 5536
5726 6239
8527 9016
9458 9591
8576 9111
3961 4468
6075 6105
8614 9040
1224 1772
2924 3344
2015 2656
7896 8293
7879 8160
5091 5728
8824 9188
7168 7829
2756 3490
5566 5819
7685 7933
5780 6366
963 1483
3872 4199
6671 7306
2189 2752
7393 7483
8987 9456
2493 3231
6013 6517
7902 7923
8084 8430
7783 8150
7432 7532
6348 6735
3163 3458
3852 3867
4047 4337
1568 2340
5091 5588
8416 9002
1466 2096
4528 4774
7556 7654
6337 6346
8936 9271
2459 2911
7235 7891
425 792
8156 8842
3477 4249
2944 3355
7410 8107
3221 3725
9062 9649
3199 3350
3464 3876
3635 4258
2227 2976
9282 9708
7616 7665
7742 8047
4805 5341
9470 9749
969 1434
1877 2290
9121 9659
9141 9255
2359 2825
9089 9306
9579 9948
8270 8509
9187 9897
6535 7187
7696 7937
8300 8472
680 959
7461 8221
1288 2058
6643 7017
4276 4282
7320 7957
2816 3007
3635 3888
3327 3830
5004 5061
7536 8293
9136 9495
8260 8895
452 1217
6190 6954
3818 3997
8462 9094
1647 1789
3788 4446
4028 4106
5687 5838
2939 2999
6150 6272
8632 9146
4472 4906
5145 5809
8264 8696
1333 1591
2690 2947
5382 5593
1291 1451
5203 5594
8961 9250
8948 9085
8392 8680
4097 4129
3677 3757
7348 7414
8991 9286
961 1675
2952 3102
5491 6286
692 1013
6800 6828
2371 2690
7072 7682
9214 9858
4265 4678
5314 5315
6765 7053
7816 8129
9514 9951
4475 4941
4347 5067
5709 6164
4676 5298
7707 8417
9177 9322
3577 3904
2187 2651
5016 5339
4021 4660
5378 5501
9652 9883
1839 2517
2030 2216
8643 8848
1534 1560
9212 9249
6012 6393
4171 4809
5345 5673
7242 8000
227 809
3446 3899
7485 7538
6882 6994
2015 2213
553 898
3974 4224
446 545
2149 2163
8019 8300
3083 3524
887 955
7692 8261
2964 3499
3994 4217
775 1129
1017 1297
4563 5172
4485 5182
8387 9039
7667 7676
9613 9724
5242 6001
6308 6685
1800 2165
8695 9274
6653 7154
8432 8722
5926 6577
2589 3188
4641 4684
7017 7270
5345 5772
148 375
7802 8595
5021 5196
6286 7034
3465 3970
5429 6005
1855 2558
3060 3523
2001 2248
6429 6665
5036 5075
3686 4116
8274 8822
971 1042
9268 9517
3009 3243
6381 7125
1444 1670
3648 4022
142 181
8325 8552
2591 2934
4472 4668
3264 3351
3938 4331
9831 9852
9539 9617
9537 9990
1217 1878
4416 4471
7063 7832
5525 6160
6471 7101
2336 2590
3801 4521
5339 5699
2995 3401
4201 4703
6638 7265
7620 8061
6879 7341
4267 4642
6966 7700
5686 6441
8384 8385
8047 8648
6474 6599
2050 2576
1909 2603
853 937
71 245
4755 4770
905 1522
8289 8556
5952 6706
5914 6710
2679 3398
7665 8106
2589 2825
6022 6127
8111 8301
4800 5055
4011 4725
176 626
9037 9232
8745 9500
334 607
39 212
6824 7316
6287 6952
6641 6933
4868 4879
975 1563
3609 4282
1344 1534
3357 3702
9358 9943
592 991
3326 3690
9344 9886
5724 5799
9117 9652
7332 7489
2717 3380
2258 2830
8290 8569
7382 7874
8779 9276
7303 7777
142 221
6584 7204
9407 9961
5946 6214
9324 9340
4853 4906
1299 1839
5835 6319
1080 1230
984 1342
7229 7543
5926 6224
6762 6877
8485 8833
7005 7450
9136 9307
1460 1743
4843 5407
4747 5510
6316 6659
4550 4599
1782 1900
7825 8450
5493 6051
6159 6238
309 339
2041 2838
9638 9872
4808 5471
6842 7535
6902 7121
2499 3000
624 1310
3094 3720
3657 3775
5270 5846
863 1541
6959 7626
7062 7759
8502 8544
6039 6590
5151 5860
2121 2189
7799 7980
6982 7740
4507 4561
4345 4537
4373 5139
1716 2046
8641 9368
8685 9455
3169 3543
7078 7804
3283 3811
6943 7406
1332 1475
4520 5247
7489 8051
9464 9702
8467 8785
3321 3845
1904 1956
5574 5805
9030 9273
8042 8171
613 1128
7648 8233
5777 6463
734 1408
5199 5318
3327 3696
1839 2513
537 948
4537 5018
6419 6827
138 472
8281 8972
1979 2682
2475 3269
5998 6576
4696 5332
7353 7591
2616 3383
3935 4214
2893 3014
2159 2728
8443 8542
2089 2171
1669 2425
2690 3424
3066 3809
828 869
5063 5731
3892 4420
8083 8254
7362 7617
9433 9668
288 877
2324 2898
4002 4427
2795 3447
6316 6899
378 467
4912 5257
7213 7986
9475 9529
7963 8431
4024 4295
2696 3066
6218 6694
1873 2508
140 521
5539 5569
3917 4332
9079 9217
6445 6913
4843 5324
1258 1574
5909 6318
6850 7629
1839 2283
8566 9060
4751 5088
4523 4705
5923 6096
7704 8121
3393 3411
7069 7756
6357 6394
5824 5964
3732 3940
309 900
556 1137
4673 5428
7662 7714
796 1555
1376 2125
6908 7687
6709 6972
308 886
3264 3984
252 520
8270 8932
1389 2102
8329 8972
2329 2918
3138 3179
76 559
610 1375
4346 5064
9545 9603
22 320
7941 8561
3784 4130
5553 5938
4840 4916
79 171
1743 1972
3452 3848
9533 9825
9161 9889
8065 8415
4605 5138
3211 3531
1581 1981
5678 6412
8716 9472
7815 8172
9424 9813
9819 9924
5452 5515
4430 4890
1719 2079
3564 3797
2720 3465
9104 9525
4214 4895
9063 9450
6733 6804
4961 5191
2499 3296
7303 7350
498 569
1964 2273
1206 1405
8305 8588
6897 7539
4050 4475
804 923
2723 3343
8762 8809
5907 6636
8730 8956
3866 4011
7902 8603
7105 7821
2614 3023
5004 5013
9000 9164
3018 3374
461 988
8733 9143
7233 7477
5752 6545
7289 7366
8869 8872
7709 8439
4070 4760
9112 9450
3766 4459
5161 5801
104 113
1925 2582
473 528
4644 4702
2094 2561
9478 9614
5451 5564
8983 9206
1471 2271
320 790
249 978
6989 7513
9004 9304
862 1523
573 1165
5728 6168
3832 4592
3010 3452
3194 3313
9350 9543
7573 7743
1673 1763
6199 6251
299 570
769 784
868 1651
1629 1661
3098 3387
4386 4404
6302 6356
2964 3045
1763 2562
59 834
4064 4774
2915 3701
3564 4014
7340 7506
7460 7813
229 940
7139 7731
9596 9842
5833 5995
7149 7796
7466 8209
6517 7142
6308 6661
733 943
380 956
9231 9927
358 692
1018 1278
379 890
2007 2030
1900 2202
9026 9384
8107 8490
2943 3585
3718 3967
2797 3359
1822 1952
5537 5695
8513 8859
4552 4831
1070 1161
4108 4177
3037 3234
8727 8773
2017 2207
4303 5033
7985 8623
3545 3925
1403 1939
8696 8800
3493 3545
5517 5518
477 550
1069 1306
5925 6076
5162 5575
6248 7016
4852 5113
196 343
1840 2039
5901 6588
160 684
702 1095
1039 1832
3820 4613
9692 9793
1501 2091
5885 6667
8115 8562
3872 3889
5451 6206
1284 1873
2404 3146
9200 9422
8134 8498
9560 9761
9145 9702
5218 5683
2923 2975
8594 9159
1362 1801
4834 4987
7498 7876
2273 2364
7011 7509
6771 6891
8903 9070
5069 5268
5597 6381
1743 2026
9897 9972
7204 7724
6106 6221
5846 6573
5164 5497
7800 8108
8801 9127
5685 5927
1554 1916
6063 6575
599 1059
4512 4578
7479 7815
4001 4321
4208 4960
6709 7360
429 487
6608 7326
6275 6491
1084 1580
7734 7893
6973 7535
7892 8116
3861 4021
4034 4177
6827 7596
3411 3976
8217 8370
4443 4977
4042 4276
7165 7943
7959 8699
4345 4591
25 614
9740 9764
9244 9992
4168 4620
347 1069
5423 5508
8277 8726
4240 4485
1858 2093
9482 9988
4274 4685
8442 9060
1762 2212
9560 9944
728 1164
3775 4448
6924 7579
6036 6039
6967 7457
8703 9095
2537 2834
186 948
1313 1840
6057 6842
3882 3971
1239 1398
6240 6244
5269 5451
7873 8324
2239 2506
553 1021
3677 3759
6753 7004
3641 4008
8955 9564
5479 5525
6812 7357
8373 8815
9103 9346
2844 3245
7455 7817
3762 4523
5252 6007
2427 2721
2755 2763
9327 9945
8245 8937
277 891
8223 8854
8377 8513
4154 4563
6532 6562
6694 6865
8684 9236
2795 3072
8211 8562
5131 5531
9110 9847
3498 3940
829 1190
7772 8501
3517 4046
9538 9848
8504 9206
33 808
1819 2140
2476 2975
6676 7219
5178 5480
49 597
830 1013
6542 6964
1652 1903
5204 5265
7619 8331
572 1080
8342 8820
8723 8896
8353 8767
3555 3772
7077 7521
5011 5372
1573 2084
8985 9525
2506 3143
9565 9716
2533 3058
1697 2031
1443 1808
6961 7656
5413 5771
33 523
5180 5324
7865 8465
4616 4847
937 1047
109 608
8593 8974
263 709
4015 4786
8604 8806
9690 9845
7286 7762
3380 3985
2672 2865
5714 5846
5687 6205
5943 6185
2052 2385
3381 3720
3488 3651
8776 8996
2118 2660
2374 3134
9897 9900
8113 8772
2469 2584
4075 4627
6973 7652
6038 6635
6718 6981
7576 7874
1415 1759
8824 9339
219 534
7940 8388
660 891
8775 9321
342 637
37 44
2510 3215
9760 9811
1128 1299
2919 3434
6696 6958
3940 4726
6179 6709
6777 6986
7182 7469
2669 2683
4794 4980
16 683
242 544
1213 1428
8769 9244
7273 7967
8726 8852
8039 8785
5332 6126
5355 5873
2452 2643
5874 6042
7981 8299
8838 9361
105 664
1019 1176
890 1422
6273 6339
4357 5036
4832 5079
7807 8155
8223 8890
3765 3944
2066 2543
2072 2855
3255 3597
4113 4600
8818 9286
2660 3447
7480 7693
1324 1465
211 483
6456 6974
7863 8597
8028 8143
6306 6974
6218 6940
5558 6195
9311 9666
1343 1474
1820 2008
6687 7409
7672 8339
8550 9255
6956 7117
9361 9595
5197 5984
5611 5944
8429 9032
2629 2891
4469 4527
3664 3674
2403 3103
917 1690
7197 7396
4710 5448
4215 4675
6696 7203
2844 3122
9345 9751
7270 7374
2567 2975
3630 4353
6287 6412
8652 9064
8428 8520
4704 5215
182 354
7826 7862
8620 8958
8306 8946
1669 1871
5663 6248
4202 4491
2525 2537
4328 4334
9480 9522
6753 6797
1676 2262
9666 9753
8796 9360
4922 5159
9172 9602
4492 4545
5736 6159
739 1131
302 474
3322 3638
1361 1907
6495 6550
1281 1615
3657 4445
2362 2827
4083 4766
2639 3258
657 1280
2764 3401
8727 8840
3747 4114
7259 7884
2012 2204
3221 3988
7927 8234
6335 6701
4682 5059
5691 5849
6770 7214
7676 8330
8520 8892
9796 9984
1818 1854
1423 1806
4777 5489
8188 8858
1276 1804
8064 8549
6463 6499
318 1001
798 867
2519 2739
7548 8122
2971 3705
8095 8121
8476 9078
206 701
7422 8100
7409 7607
3998 4060
6955 7326
5926 6482
4411 4503
8763 9236
790 1101
6841 6894
9144 9660
3134 3301
692 1392
7770 8273
835 1021
3269 3924
3295 3896
5943 6621
3331 3751
5895 6577
6024 6724
610 1237
6207 6774
211 248
4817 5336
5031 5388
2707 3106
3619 3941
9243 9988
3541 4121
386 825
6695 7318
9377 9570
6780 6989
1208 1397
5106 5576
8835 8910
1687 1990
8627 8968
682 1331
9698 9778
5337 5745
9359 9526
818 1263
3090 3338
7758 7931
2929 3463
1539 2144
5215 5814
6545 7312
796 1029
231 759
8863 9062
7830 7948
1556 2005
8002 8484
7020 7519
3004 3742
3214 3234
892 1623
7204 7855
130 407
2789 3496
4913 5030
1529 2016
2278 2822
2327 2500
4823 5499
5151 5542
3008 3711
7252 7431
6486 7253
3629 4308
4464 5198
8832 8929
8126 8511
7047 7643
3159 3367
6389 6958
1643 2169
7885 7941
4756 5439
4333 4497
5106 5505
7102 7155
450 951
6205 6787
9518 9793
522 720
4039 4415
9489 9920
4700 4962
6777 7348
4362 4986
5428 5885
2072 2460
8336 8883
7445 7811
9439 9547
2520 2875
2836 3161
8894 9538
8080 8635
4328 4992
2504 2823
3682 3920
6105 6226
5942 6646
3240 3896
2665 2803
7222 7983
6765 7398
3988 4636
1586 1823
2378 2805
7051 7416
7708 8157
6901 7580
9608 9703
3881 4217
4751 5330
8571 9200
7104 7368
186 730
4062 4794
7781 8430
3588 3723
8800 8949
6231 6391
4426 4513
83 458
4461 5064
9140 9747
9449 9606
2122 2461
92 262
6088 6761
1428 2020
5801 6424
9392 9789
301 531
1629 2427
9770 9923
6394 6731
3653 3935
30 260
8733 8966
4727 5015
2539 3097
7746 7765
6668 7287
5056 5323
1650 1809
1262 1808
4563 5350
3063 3842
6951 7252
6019 6515
7994 8187
5872 6326
6897 7573
8423 8728
3567 3627
4548 5098
8407 8790
5416 6181
9197 9406
7896 8077
8266 8417
4904 5277
157 947
159 354
257 374
5987 6198
8929 9495
8134 8412
2707 2731
7932 8154
9732 9735
6255 6596
7444 7696
8128 8380
1583 2240
4209 4449
5227 5389
117 271
1532 1724
7571 7883
2048 2345
2911 2984
2478 2554
4943 5037
9021 9789
7533 7658
4315 4853
7293 7966
7170 7852
8908 9022
3863 3981
674 1445
9613 9811
9515 9799
464 681
9234 9394
2308 2925
8145 8609
5339 5570
4926 5265
5922 6344
4829 5285
5333 6058
6938 7129
521 1310
6753 7305
1427 1680
9257 9966
8076 8714
294 299
5333 6095
927 1311
1754 2491
8348 8687
8211 8708
9501 9673
3879 4613
1420 2013
7364 7614
893 1653
8975 9087
5112 5889
7006 7723
5135 5344
8231 8507
6636 7380
4652 5184
6162 6753
7795 8142
8433 9021
9422 9825
554 946
1438 1680
4151 4848
1179 1880
8525 8708
382 1121
996 1480
1373 1447
449 1084
516 1281
206 823
6449 6790
2161 2685
7128 7256
2818 2860
7784 8423
995 1532
8568 8799
820 1359
4794 5165
8491 8632
7726 7928
934 1135
881 1526
707 852
756 1361
6807 7095
5751 5957
1461 1731
6412 6625
1082 1492
5005 5471
7408 7461
9443 9617
7111 7239
2925 3501
6885 7236
4201 4552
7148 7718
1003 1391
1601 2385
5682 6458
504 796
9263 9651
8690 9010
2517 3166
3836 3949
113 452
4414 4515
333 899
6971 7643
8141 8239
4887 5104
1497 2116
9393 9738
304 709
2932 2940
5813 6302
8335 8748
9173 9709
2561 2733
431 1178
1060 1141
1072 1243
3746 4354
6749 7331
8764 9019
3090 3706
707 1374
3094 3228
9726 9847
2016 2762
5968 6604
5711 6445
261 321
6838 7619
2497 3237
5839 6037
9384 9866
3739 4252
4489 4870
7227 7866
7690 7992
1073 1660
5163 5506
4579 5114
8615 8845
955 1433
9140 9675
554 626
5748 6278
1936 2697
7414 7625
432 971
4166 4515
3598 4061
9192 9493
6075 6339
6212 6690
2286 2487
626 1063
3172 3490
923 1188
536 1033
988 1405
5335 5641
8887 9321
7692 7875
8697 9104
4814 5362
7991 8717
422 1107
3717 3799
1674 2216
8321 8787
3119 3537
4499 5034
1830 2468
6827 7109
1918 2366
726 1352
673 1278
4175 4592
7137 7603
5237 5611
9492 9891
5703 6315
5255 5265
6520 6718
9928 9997
7267 8006
3031 3345
926 1386
6661 7058
6754 7090
5992 6273
208 572
5139 5363
538 1157
1548 1708
9172 9276
2944 3652
659 667
1219 1239
7001 7776
4113 4194
875 1116
793 1506
3467 3795
2798 3320
3173 3612
5806 6066
5196 5689
1799 2335
1318 2054
418 690
4463 4917
7219 7576
4811 5126
7234 8006
2171 2312
2403 2409
907 1072
2371 2872
262 948
890 1039
3648 4060
8339 9081
9817 9868
3761 4489
2082 2269
2746 2845
4561 4831
8372 8794
6209 6744
8583 9220
4661 4843
35 150
1888 2556
8017 8100
8077 8443
1060 1635
5018 5713
5022 5070
7637 7720
1437 1443
7008 7545
7337 7674
9777 9783
7638 7801
6150 6301
569 622
877 1335
3356 4129
8133 8779
5228 5626
7116 7654
7517 7931
8086 8442
7240 8014
8375 8461
7916 8143
1737 2445
7180 7184
3578 3866
2799 3042
303 705
3502 4170
2941 3051
190 420
6349 6451
2813 2856
6506 6715
7782 7952
7613 7982
4465 4651
5757 6009
8975 9770
2126 2702
8745 9239
6178 6231
6618 6635
2054 2819
7494 7621
5301 5725
8944 8964
3343 3851
4221 4243
6078 6872
52 220
5914 5942
3832 3843
6609 7252
1894 1933
4484 4728
9349 9593
3232 3797
5898 6634
8455 8684
2157 2587
2750 2989
9075 9389
9150 9821
1435 1762
704 1328
2760 3341
5680 6404
2070 2317
485 689
4073 4802
1158 1618
2588 3175
6770 7089
9552 9897
5747 6222
2192 2559
1296 1613
1001 1493
5566 5958
4714 5437
7590 8256
7301 7875
7357 7993
3954 4517
1341 1803
778 1053
6489 7000
4172 4736
9209 9655
2421 2795
7030 7829
9456 9580
6828 7626
748 1192
1539 2014
1849 2424
9124 9136
4106 4141
9276 9653
7876 7887
1363 1656
1130 1133
7367 8144
587 818
6999 7781
9586 9760
829 1022
7978 8296
8507 9190
4389 4976
8859 8940
318 354
5388 5523
9346 9956
8734 9404
7438 7449
4689 5144
1876 2525
5762 6274
6872 7261
6247 7034
5752 6429
4161 4187
1350 1446
7827 8568
9274 9333
3785 4486
2359 2587
9079 9090
8222 8271
4054 4841
8637 8816
6454 7031
4874 5598
2865 3258
4816 4855
5988 6654
4988 5397
661 1126
3750 4353
2735 3377
6952 7540
1019 1054
8988 9059
2952 3038
6682 6949
6513 7105
5803 6466
3150 3934
7498 7644
6299 6632
5601 6313
8737 9241
4120 4613
9078 9565
3280 3652
5502 5974
905 1136
536 958
1753 2160
4412 4449
4442 5193
6631 6842
2360 2414
6250 6545
4871 5103
8652 9270
7655 7975
3472 4224
6003 6189
4725 5142
5145 5831
5101 5754
4493 4778
9696 9760
8955 9575
6612 6750
751 1486
2566 3360
3223 3725
3028 3126
7290 7669
328 412
5061 5480
2904 3131
7378 7668
7298 7468
5800 5898
1815 2240
9719 9863
7030 7394
5448 5645
7339 7597
140 321
3446 4177
521 1109
2909 3111
2986 3722
5170 5451
2710 2989
4873 5152
6121 6127
1172 1671
9561 9605
7566 8246
3594 3653
1793 2314
6531 7121
6466 7084
7535 8184
3445 3907
3514 3685
6972 7510
8190 8748
4273 4378
5038 5722
623 673
9428 9878
9255 9941
7425 8199
7372 7414
3719 3942
7307 7556
555 851
6699 7100
1705 2189
1652 2143
6734 7429
9608 9744
4845 5174
1013 1759
8127 8708
845 1381
1480 2054
4928 5393
884 1371
5450 5907
995 1027
8174 8416
2045 2242
2367 2962
1751 2051
5559 6069
2427 2854
9714 9794
7863 8008
6240 6293
8775 9478
2707 2718
4514 4962
5081 5292
2594 2725
710 1412
8929 9686
34 393
2856 3426
7745 8497
4936 4948
7716 7837
8186 8847
5450 5659
5112 5875
21 452
1827 2192
526 1242
7853 8489
8458 9231
7349 7518
5002 5426
1833 2599
5588 6034
335 982
1313 1341
6329 6578
8657 9300
881 900
3126 3191
8429 8809
5776 6549
8697 9023
6174 6672
9558 9652
909 977
4909 5579
9604 9821
7587 7595
6878 7146
4946 5147
5867 6549
790 1560
9289 9341
6415 7014
5046 5144
3225 3519
3905 3965
4276 4639
1530 2321
730 1062
1601 1872
5696 6492
4281 4347
1377 1980
1765 1786
1426 2152
4492 5014
381 1108
3039 3203
9163 9291
6587 7113
7843 8012
778 1493
6288 6482
28 374
5481 5749
3322 3550
5328 6103
5794 6422
7688 8195
6666 6754
438 866
9836 9967
5923 6331
8808 9156
3306 3585
7749 8122
6081 6740
8496 8615
7138 7459
2320 2499
886 1064
206 1000
5572 5581
5881 6215
5887 6653
1086 1822
7347 7687
1235 1384
4238 4319
6647 7146
7994 8038
9406 9970
4577 5124
8464 8578
3822 4420
5115 5784
3860 4203
284 1001
3708 4204
7204 7974
3335 3772
7220 7427
2729 3107
481 521
4538 5220
7293 7696
4132 4338
7346 7804
5270 5294
260 534
6832 6949
825 1020
8735 9011
90 656
2034 2603
1669 1806
5801 6502
166 397
7583 7739
1363 1578
5131 5347
7838 7964
8332 8687
3178 3412
7103 7615
199 534
897 1696
8611 8803
5723 6002
6727 7090
3000 3730
2578 2957
3918 4197
1561 1904
354 488
1679 1893
980 1776
5489 5616
1279 1377
3920 4625
1881 2623
4202 4654
4723 4785
34 742
6152 6724
5256 5336
9072 9478
3803 4435
385 1047
1568 2126
1126 1548
7201 7244
5344 5979
4534 5118
8898 9598
5284 5447
1555 2093
191 514
5765 6094
2703 3329
126 593
5656 5930
3714 4427
5162 5704
190 919
668 1294
629 1182
5675 6261
4922 5626
7322 7544
4167 4372
5856 6526
2116 2337
3301 3543
601 781
264 468
69 262
7651 8038
2336 2832
5046 5251
2197 2769
9150 9909
3454 4020
5122 5354
4571 4993
3833 4420
8892 9083
4174 4338
6694 7054
8724 9114
5673 6024
3930 4238
6763 6979
1923 2028
2449 3189
7260 7918
8004 8680
8729 9400
2484 2646
7427 8129
99 800
3082 3198
1173 1829
51 690
3245 3681
315 399
6151 6398
8031 8116
1119 1139
1069 1777
9213 9523
3057 3223
9959 9961
7975 8438
703 740
1713 2386
4085 4430
7622 7853
9116 9208
6450 6517
3119 3477
5839 6227
5167 5204
9151 9186
8312 8388
1885 2489
4940 5109
9125 9905
4351 4772
9235 9838
4551 4624
3296 4037
398 1017
5676 5904
4733 5234
8945 9605
8356 8714
3822 3929
7295 7817
8500 8735
8390 8698
1952 2507
1467 1640
9152 9865
176 709
9195 9541
6124 6774
4481 4763
7218 7329
1042 1064
481 893
4160 4178
5486 5753
6327 6334
6720 7340
4870 5484
7880 8195
2297 2326
1777 2272
7022 7815
9625 9849
6035 6760
4266 4674
9197 9876
6892 6936
3816 4380
2989 3638
9017 9669
9486 9839
1952 2329
2837 3171
4951 5272
7656 7896
9191 9845
7454 8127
7832 8300
9858 9993
6218 6912
8006 8431
4659 4918
6132 6492
793 1438
4994 5071
8135 8590
4333 4856
27 46
211 871
8979 9114
1758 2339
3801 3953
1371 2054
1461 1752
2426 2987
7765 8481
2828 2834
3229 3833
6254 6361
4274 4352
9046 9074
7759 8462
7355 7639
8169 8225
7237 7824
9369 9752
1169 1737
2002 2731
3537 4295
5908 6388
4607 5210
443 1020
4017 4720
6864 7246
4877 5533
1352 2044
1315 2002
1854 2301
557 917
1173 1685
380 553
6766 6907
7967 8620
3438 3734
9098 9419
8016 8163
3441 3765
7999 8396
6511 7144
8446 8662
7654 7960
1324 1398
4042 4381
2128 2902
2672 3103
7209 7377
7712 8296
450 994
8045 8268
5673 5908
8803 9548
7226 7379
1241 1338
6479 6973
759 1289
881 1169
4360 4637
7349 7405
7529 7877
1382 1997
2280 2724
5185 5766
6496 6579
5815 6298
8754 8981
7251 7935
6777 6790
9410 9467
933 1661
4007 4437
6818 7528
4708 5142
6368 6458
8908 9479
766 1460
6778 7033
3491 3994
604 1210
5486 5891
2746 3124
4039 4709
6649 7195
4417 4754
1644 2398
7893 8043
2305 2693
8542 8868
2395 2793
1381 2132
966 1039
5506 6290
4731 4968
5522 5703
1282 1447
141 827
8905 9657
4441 4960
4933 5077
2403 2585
7643 8435
3219 3864
634 1352
9325 9565
2462 2643
6163 6904
3067 3657
3279 3461
1140 1590
1191 1795
427 1020
54 237
4063 4079
6025 6596
8004 8566
5037 5574
345 677
5305 5322
4827 5528
5 786
5631 6042
229 995
5959 6690
7192 7752
8401 8925
5078 5675
2269 2693
1210 1866
7395 7647
3989 4139
5649 6391
8226 8385
7494 8156
1147 1700
895 1315
961 1374
2986 3133
6002 6186
3610 3784
6184 6859
7416 7979
2952 3111
4775 4991
6925 6932
1633 1993
4606 4720
5529 6319
109 694
4833 5053
9561 9764
4182 4511
5468 5893
307 313
3799 3804
7903 7951
4231 4871
9741 9944
8103 8520
5460 6193
7309 8078
6307 6667
124 744
167 570
542 870
34 437
6274 6591
5174 5718
4551 4776
2619 3396
1842 2154
2211 2446
4695 5132
3144 3170
4115 4820
2306 2948
6530 7141
5015 5562
5016 5339
8445 8688
5816 6202
1905 2409
7306 7362
4481 4747
3457 4175
2458 3145
3690 4333
3165 3351
7756 8520
2550 3025
5956 6672
5852 6041
119 191
8615 9296
2854 3024
489 643
8084 8095
6032 6338
3430 3851
5326 5932
7349 7644
4215 4397
1621 2158
8015 8191
2918 3665
8729 9352
6574 6785
6954 7685
7234 7661
1690 1715
4346 4857
1923 2261
8473 9041
2164 2210
4571 4694
3610 4354
1520 2301
9088 9440
8355 8858
7310 7851
7201 7206
5620 6224
4062 4446
4203 4233
2980 3336
2200 2746
5640 6272
3941 3992
9381 9457
6660 6665
9228 9740
6274 6415
7631 7830
2767 3318
4053 4475
2340 3124
9201 9998
9407 9699
5657 6076
621 1286
7755 7885
3131 3877
1544 1716
7430 7590
1688 2368
1858 2656
376 767
4533 4885
6497 7153
565 1315
9824 9934
4830 4878
5570 5690
4858 5064
1293 1732
7801 7872
3021 3527
7313 7318
1219 1721
4584 5031
2820 3515
147 207
6603 6642
1864 2005
8678 8778
5850 6551
495 1293
9272 9335
5243 5366
6959 7094
9131 9857
5727 6165
6322 6872
9539 9657
3466 3805
3615 3712
2266 3054
4958 5357
8977 8993
1879 2468
8550 8891
9520 9622
2272 2374
1063 1799
1213 1440
1916 2674
4884 5377
5236 5299
6549 7338
9323 9973
296 714
4388 5074
8643 8952
8832 9453
2241 2674
3352 3579
2314 2460
8852 9106
1542 2312
2096 2574
1111 1154
8734 8916
3440 3535
341 574
9020 9184
3961 4455
5291 5877
6758 6901
784 1360
2398 2859
5444 5603
5906 6409
9539 9564
6587 7115
3379 4037
4853 5255
6198 6783
1897 2439
7679 8373
1634 2329
79 537
8585 8957
7376 7993
2395 2883
6988 7787
1962 2615
5465 5484
2821 3366
2752 3552
3330 3657
6043 6119
2327 2677
9098 9190
8600 8645
5729 5950
6154 6330
9784 9966
2297 2802
2437 2610
2416 2803
9042 9205
7275 7828
5753 6060
8840 9107
849 1473
9256 9934
2868 3494
1281 1534
123 300
1771 1915
2962 3719
2150 2258
1309 1355
9357 9766
5459 5568
8417 9073
1155 1316
5348 5371
9253 9558
3820 4103
930 981
3756 4239
3049 3604
6073 6411
4731 4863
4650 4936
2607 2770
8814 9327
681 731
7266 7469
2372 3055
5210 5797
9004 9360
8551 9064
1789 2305
1674 1742
4714 5342
8559 9173
618 1295
595 1281
9366 9711
5325 5546
2050 2425
250 482
3101 3332
5456 5661
4216 4376
5993 6503
3865 4144
138 233
6651 6874
6455 7120
2462 3190
2845 3147
7003 7767
4772 5080
6923 7578
1450 1671
7070 7126
1399 1551
5121 5271
3320 3704
8619 8965
1365 1706
602 1302
7679 8369
781 915
8157 8305
2222 2968
4016 4681
4904 5389
5817 6304
806 1251
4173 4413
7134 7426
6060 6405
375 736
8825 9204
7902 7949
5121 5736
4164 4698
3331 3428
4117 4828
422 614
7530 7772
9293 9994
6142 6764
9030 9305
2876 3370
983 1079
4308 5014
8324 8852
4396 4528
3748 4158
1674 1904
8215 9008
3469 3728
4484 4721
1179 1552
7956 8478
6197 6304
7482 8269
3923 4634
4493 5223
5666 6205
2909 3401
1764 1933
4860 4987
3509 3640
9827 9950
2572 2888
6003 6272
4870 5304
1318 2012
4201 4731
6758 7306
6183 6464
1781 2190
8634 9078
9117 9584
4269 4666
9000 9577
8367 8399
1992 2364
8153 8445
4664 4725
4977 5615
1115 1652
6650 7083
286 746
1106 1811
5936 6266
6692 7141
3844 4049
6658 7058
9103 9683
3734 3833
7401 8140
8898 9095
8005 8501
6560 7336
1672 2370
2157 2867
5255 5707
6032 6107
7232 7475
8124 8832
4527 5327
1416 1830
5603 6308
2012 2105
2000 2762
3835 3840
817 941
34 687
2203 2975
5704 6495
1021 1781
401 662
6422 6745
6633 7080
533 1177
1149 1803
9142 9502
1636 2089
2750 2819
1564 2167
2896 3029
8076 8110
8162 8725
6987 7102
183 274
266 731
6999 7093
5324 5751
3639 4379
8128 8494
8027 8095
3549 4201
8051 8359
6303 6371
3864 4198
9233 9350
293 1067
7744 8428
9563 9922
4651 5056
240 885
177 813
5682 6384
9750 9924
5437 5610
5438 5857
1870 1958
7997 8073
1631 1750
5263 5340
1458 1739
7939 8186
7918 8369
6338 6922
707 1133
4710 5183
9036 9424
8011 8167
9379 9711
506 738
500 581
7722 8236
4872 5472
5651 6305
3358 3853
2162 2522
2306 2657
8065 8785
8959 9137
7932 7997
7401 7842
9958 9965
341 538
6272 6681
1644 1983
1670 2296
246 985
5711 6395
8233 8303
9623 9864
6235 6361
5309 5482
1942 2183
92 558
413 829
5263 5469
1626 2124
779 946
2631 2641
9371 9610
3225 3484
3402 4059
2603 2723
29 126
8416 8656
3069 3267
3551 3843
6450 6994
2702 3323
3941 4642
7037 7104
5240 5477
8768 9551
399 795
3959 4389
1360 1824
4884 5221
8442 9049
7385 7625
8732 9243
2612 3118
75 639
8356 8992
2229 2612
4496 4809
3574 3865
9594 9668
4684 5180
2192 2255
2240 2591
4658 5201
2524 2577
3731 4179
9057 9264
4135 4175
4529 5168
1780 2122
2820 2946
7972 8476
8944 9489
1152 1756
3170 3684
8868 9059
581 1241
5247 5916
3438 4141
3905 4200
455 1201
4922 5603
8130 8617
847 1479
3042 3422
4046 4692
858 1235
6457 6965
898 911
7600 7640
4295 4670
3922 4331
7416 7864
8182 8213
6728 7341
7231 7396
9274 9372
3564 4000
2120 2698
9135 9627
8630 8987
8087 8287
890 1442
1662 2433
207 244
257 269
8638 9129
7231 7597
4214 4268
1527 2241
2053 2361
7210 7748
7497 7561
2520 3050
2128 2407
6439 7165
3068 3827
777 1288
6625 6673
1363 2156
45 794
9320 9523
1548 2230
205 510
1540 1664
5831 6554
9017 9110
4901 5452
2588 2751
6804 7180
9643 9980
3423 3758
130 733
1251 1573
8406 9082
8600 9102
9152 9363
7823 8428
2226 2547
3701 4095
9662 9769
6464 6661
1787 2085
8480 8652
3365 3607
4999 5193
7700 8369
3082 3325
2753 2794
1593 1655
411 496
9424 9554
8562 9250
6101 6572
4565 4718
377 581
1208 1437
9640 9913
3887 4038
3135 3393
4385 4947
2591 3361
426 986
5607 6292
8869 9068
4829 5342
4971 5630
819 989
7979 8642
5310 5786
8748 9418
7540 7966
3458 4116
1799 2305
393 957
4949 5678
3324 3995
5511 6058
6730 7036
3826 4198
9463 9906
3299 3930
6676 7193
3703 4122
6487 7110
606 780
400 1001
1728 1926
9742 9984
9376 9591
4883 5234
4630 5313
2949 3061
7147 7718
6006 6328
7016 7784
6235 7031
6263 6568
6992 7584
1412 1657
1739 1960
5955 6268
2813 2846
7111 7476
2608 2750
1545 1802
1455 1478
826 1556
4272 4810
3965 4228
1711 2408
2503 2556
5774 5867
8083 8266
7510 7891
9834 9941
3 122
1898 2425
8314 8366
4062 4320
6598 6897
8621 8689
2549 2765
7996 8106
6968 7115
5569 6237
6386 6397
6949 7288
3019 3599
6568 6773
7325 7919
7187 7321
6697 6820
1664 2055
8343 8742
8022 8147
3333 3847
1876 2634
655 855
6389 6791
3256 3592
6963 7108
2919 2922
3729 4227
6683 7397
9485 9976
553 900
4411 4610
8459 9091
3692 4206
7310 7797
708 842
1644 2253
1088 1089
375 767
2240 2475
2790 3269
1830 2602
1924 2445
9290 9586
3132 3266
6628 6854
1809 2565
189 361
2227 2934
366 618
1442 2238
7687 7754
4132 4489
5369 5615
6878 7036
6014 6711
139 295
8264 8403
1948 2266
5452 5891
6096 6678
5473 5718
381 1095
4933 5472
2047 2238
2467 3197
1477 1701
6153 6433
2512 2972
5789 6245
3314 3755
3487 3724
4509 4530
699 1436
238 813
80 753
3248 4001
4629 5384
7095 7596
7042 7097
1622 1939
8021 8130
9014 9639
8861 9466
9413 9904
1314 1401
4488 5005
651 1409
4871 5295
4888 5208
7907 8616
5895 6668
7413 7706
7417 7810
8819 9214
8698 9389
4589 5206
1969 2147
6824 7397
1579 1821
2687 3070
5697 5851
4450 5225
3086 3613
1030 1300
5921 6005
3787 4147
7369 7623
4732 5347
3606 4151
952 1455
7028 7069
7933 8383
3534 3988
6649 6997
5044 5497
3052 3456
499 1299
7713 8381
4560 4936
7219 7994
3649 3883
9681 9794
2480 2594
7819 8265
1552 2241
5208 5916
694 1026
8568 9103
7285 7931
4954 5063
5310 5380
3987 4629
6037 6178
302 314
7910 8443
1508 1689
1251 1727
126 463
7810 8346
8799 8841
8950 9329
2611 3018
2727 3188
4351 5014
2611 2923
1069 1359
7195 7928
1379 2150
24 294
9587 9674
4342 4432
937 1607
2130 2663
2962 3013
1479 1916
5251 5539
3137 3751
9335 9668
6128 6132
1907 2434
2832 3013
4860 5460
6679 6685
