n1
4686 5312
2193 2286
231 622
2666 3369
1643 1951
7088 7306
4946 5081
2347 2455
6888 7109
2718 3176
4602 5125
4724 4731
6291 6770
9394 9978
1195 1279
2010 2106
8052 8087
4082 4437
7430 7696
2678 2872
1323 1504
5804 6019
120 627
176 359
9166 9552
1792 2020
41 332
494 659
122 425
9220 9261
317 891
8821 9519
7711 8272
4881 5482
3040 3829
2098 2142
959 1175
249 932
7800 8073
8135 8368
9273 9979
1666 2269
6630 7121
3504 3873
917 1348
5596 6239
1232 1784
9477 9627
6047 6706
6066 6813
4478 4893
3075 3237
9030 9547
2258 2702
6325 6888
6528 6709
827 1078
5179 5506
1067 1580
801 1327
7237 8006
1057 1272
4346 4400
6988 7519
5273 5895
8643 9307
7402 7933
1902 2539
911 1620
1097 1820
6642 6654
9269 9282
9143 9729
7491 8173
447 635
2774 2781
6258 6924
3708 3992
1422 2202
517 1302
7686 8310
9712 9725
8462 8891
1204 1689
7979 8200
4896 5649
5802 6267
1552 1885
265 857
8990 9366
6183 6415
214 835
985 1109
2400 2563
3184 3758
8706 8741
3587 3818
4127 4827
7171 7905
4824 5085
n2
338 364
6199 6640
2348 2657
7565 8321
6353 6632
5373 5714
9267 9376
5748 6333
2615 3408
6487 6901
8599 9223
8074 8298
5447 6002
5737 6117
5250 5591
4007 4389
6157 6898
1252 1982
7064 7223
3557 4125
5933 6527
1584 2047
4350 4466
6627 7021
5444 5811
1867 2231
3959 4099
876 1558
3746 4069
4495 4835
232 531
3234 4019
3486 4057
1358 1834
283 338
3792 4172
8170 8831
5406 5722
6630 7236
3115 3830
5583 5890
483 692
6868 6888
7986 8636
3403 4015
5326 5888
2465 2606
6671 7184
8302 9091
4726 4917
8047 8777
3090 3812
8359 9063
9125 9429
4071 4356
792 1079
2658 2821
5986 6618
7223 7806
569 685
4292 4372
9616 9868
3167 3533
8843 8951
9073 9581
2119 2614
9341 9948
7643 8332
8166 8884
8841 9117
8151 8582
6977 7334
3706 4170
3311 3407
1026 1122
4943 5236
412 806
692 894
3364 3718
8240 8318
2255 2956
6308 6501
4343 4759
2902 3560
397 652
7467 7928
3368 3567
8015 8199
6356 7051
4997 5662
6469 7204
2148 2763
8251 8812
2021 2787
5315 5338
8232 8941
5947 6575
1623 1825
9843 9950
7208 7524
948 1466
7248 7592
8863 9239
2925 3551
5649 6382
6798 6899
193 468
8699 9117
3403 3592
5759 6019
198 215
2378 2529
7896 8470
2435 2525
8141 8710
3814 4566
8222 8862
7808 8179
4391 5022
4727 5357
7598 7666
2584 2882
944 1394
7337 7751
4037 4560
9577 9824
212 586
3259 3621
987 1577
2420 2455
6886 7153
5695 6345
4678 5433
7068 7320
3375 3464
5546 5606
5694 6295
7252 7348
7495 7899
2762 2787
4189 4554
2963 3510
1071 1409
2657 2871
1467 1514
6140 6751
7585 8349
7492 7838
3908 4468
9768 9862
1560 2058
2343 2533
8811 9086
4371 4862
8116 8465
6463 6614
4040 4688
4858 5111
2885 2927
6957 7450
6728 6955
4203 4950
2049 2195
738 801
2161 2505
8581 9208
281 961
169 318
6796 7273
425 1130
8577 9152
8061 8118
7190 7667
423 488
114 381
2178 2510
2377 3172
3292 3335
4895 5502
9114 9598
6804 6864
7451 7454
411 423
6410 6631
7937 8620
5269 5951
6781 7515
9183 9656
3242 3534
6710 6749
6669 6798
3192 3946
5510 6116
8497 9088
8541 8745
3638 4434
634 838
629 1154
7664 8172
9466 9877
86 606
1735 2231
285 768
5647 6115
7291 7467
4512 5134
9275 9381
9908 9912
2198 2793
6335 7030
7423 7838
2515 3235
601 1258
5643 5837
5662 5945
9177 9502
1926 1940
5999 6740
5900 6259
2964 3697
5323 5923
5820 6283
3823 4514
3372 3501
4617 4958
3843 4410
5676 5762
8631 8864
4246 4485
1237 1790
7314 7630
8330 9114
6391 6541
501 1173
3217 3748
1449 1698
849 953
8972 9345
6237 6319
2492 3125
4224 4286
8871 9452
8952 9679
2496 2730
3512 4049
8195 8392
6683 6709
5663 5970
4127 4448
8563 9021
6830 7162
390 1186
6627 7387
6198 6752
7402 8021
3803 3991
9384 9709
7715 8274
8185 8593
3464 4068
5337 5524
540 568
5138 5270
7576 8000
2259 2828
8632 9380
5049 5248
8595 9023
5660 6101
5494 5542
3078 3366
620 948
3645 4188
3726 3866
4044 4275
1872 2095
5505 6042
9628 9766
4336 4826
8789 9143
3024 3310
6759 7199
9577 9967
6175 6770
6156 6603
6352 6623
1066 1135
1127 1632
2670 2958
8388 8617
3573 3867
5921 6585
7329 7662
4650 5175
4687 4711
8706 9401
3029 3802
4133 4253
1344 1677
656 1114
2085 2529
6234 6328
6629 7409
9675 9881
1847 2131
1497 1887
2733 3252
7430 8029
392 1010
1460 1601
5411 5528
2452 2680
5108 5644
9251 9956
2085 2510
216 349
9747 9993
2483 2793
1876 2436
3811 4338
676 1443
7421 7826
8825 9429
7919 8189
5700 5809
6711 7102
4398 4399
1925 2548
5148 5703
3156 3312
969 1285
1988 2260
3671 3802
1935 2735
5225 5310
6377 7104
919 1243
2867 3274
1757 2287
8285 8547
9172 9803
3518 4159
3273 3308
5756 5776
7674 7717
3119 3636
6350 6414
4843 5302
984 1492
5413 5552
201 628
6369 6571
2568 3314
4599 5320
3906 4159
849 1406
7940 8282
2273 2680
7693 8046
7697 8219
7350 8146
2928 3407
2253 2549
9212 9682
6769 6972
456 1078
5646 6102
8836 9298
3667 3926
581 722
1175 1215
4614 4922
5951 6206
3202 3251
5349 5736
1296 1475
8828 9486
7052 7240
927 1043
8759 9426
4651 5042
4889 5153
406 624
3778 4339
6993 7571
3899 3937
2686 3126
9582 9792
8561 8947
5479 5945
8296 8587
8643 9181
2648 2762
5633 6021
7757 7831
1001 1668
538 662
1941 2293
184 281
9356 9803
269 383
4140 4908
200 219
6533 7086
101 434
7110 7222
2322 2431
1202 1768
7946 8423
5572 6192
8908 9690
7710 7837
4388 5072
5755 6166
9029 9162
8384 9082
5442 6238
7338 7670
7912 8165
3385 3938
2393 2425
7014 7702
2542 2835
9058 9193
2187 2438
7457 7592
172 810
6963 7726
7440 7881
7957 8380
3147 3327
8211 8532
77 369
498 830
3537 4029
5141 5899
4770 5102
4457 5045
2109 2195
4885 5145
7721 8054
2579 3291
6042 6376
1594 1602
2978 3440
3319 3347
6327 7000
5453 5905
6917 6932
6252 6884
6758 6959
1922 2175
7834 8079
8189 8213
7274 7369
4030 4747
7516 7672
2444 2957
2603 2641
4925 5005
2052 2153
3998 4389
9186 9729
5394 5416
8083 8314
1693 1716
224 484
7556 7995
9032 9066
1398 1986
2876 3579
4289 4939
8008 8730
7725 7932
5097 5199
3771 4371
7331 7791
4957 5715
2416 2710
329 650
362 1008
5611 5740
2666 3401
3871 4233
6564 7046
5219 5395
7117 7714
5703 6467
5444 5914
8119 8902
5425 5450
8770 8913
7420 7694
8758 9027
1229 1697
8031 8809
9645 9994
7000 7425
1419 1436
8445 9022
7565 7961
3121 3159
4690 5036
8471 8549
3495 4248
879 1515
6204 6773
4322 4583
1296 1901
6498 6904
4548 5004
9616 9729
2695 2736
5066 5289
8689 9211
2851 3163
8132 8580
166 432
695 1344
3790 4052
561 651
8712 8947
3549 3575
973 1002
1196 1687
9387 9942
7720 7761
9349 9890
921 1307
6746 6933
6487 6557
7654 8220
6539 7141
633 1226
7770 7787
285 805
45 504
2956 3445
9101 9489
5946 6723
6109 6750
8162 8573
481 1181
2496 2981
8358 8571
4599 4907
8715 8882
4921 5496
9279 9823
504 656
1817 1909
2726 3200
7360 7786
621 875
5585 5635
3375 3387
7788 8016
4365 4972
3569 4112
5640 6308
8169 8299
7359 7859
9143 9901
4546 5087
700 721
5614 6103
5876 5915
8336 8427
7499 8031
8594 8993
2467 3248
7736 8329
3680 4202
6376 6791
763 1275
3593 4149
5489 5766
3382 3491
3556 3705
3554 3577
7071 7146
7974 8693
2448 3074
6215 7005
2068 2379
4038 4784
3349 3931
9054 9319
7192 7930
3935 4347
1585 2057
3098 3388
5459 6179
2273 2758
2760 2861
539 634
5079 5292
2297 3056
6527 6849
4405 4798
1609 2074
8243 8852
7162 7226
782 1556
4395 4733
2851 3521
3778 3966
1885 2114
8229 8522
6405 6789
6994 7540
5173 5483
487 1223
5811 6244
2484 3133
5426 5498
2860 3484
3753 3948
7538 7592
372 901
5505 6114
8690 9412
8672 9419
1028 1425
2955 3220
7170 7227
4856 5100
2419 2686
237 322
5245 5331
3438 4096
3865 4532
15 646
5319 6022
5083 5587
9268 9917
1069 1665
8571 8955
4591 4865
6678 6751
7031 7792
2608 3075
3052 3701
4729 5099
6033 6405
5222 5428
770 1507
8888 9514
3133 3567
1313 1955
9366 9884
6434 6729
6062 6153
4369 4792
91 389
1711 2376
2248 2735
8346 8743
5763 5834
8295 9093
6947 7618
3966 4044
9454 9957
6471 6559
6034 6244
5407 5744
8202 8387
3669 4200
4876 5160
2349 3129
1138 1200
9662 9949
7460 7543
5598 6366
6904 7463
6209 6453
9231 9954
1454 1650
4746 4891
5618 6226
4675 4909
1849 1946
2977 3752
7552 7743
8232 8342
6389 7142
407 757
3546 4290
6959 7480
1539 1576
7206 7928
2566 2884
4850 5294
1312 1939
6460 6832
296 876
646 669
3257 3893
934 1078
1535 1762
7068 7669
9585 9903
8670 9157
2656 2843
4642 5418
1129 1842
5418 5850
9131 9295
619 920
122 500
3295 3699
3801 4361
3295 3791
6834 7059
1345 1570
7348 7769
1550 2329
4135 4146
490 743
928 1680
2171 2643
1322 2016
219 908
8931 8969
2237 3007
6262 6662
4677 5226
1697 1909
5978 6023
1950 2400
1470 1710
5466 5558
3802 4305
9350 9720
3794 4493
7493 8084
3615 3620
1307 1538
8912 9509
3100 3289
6583 6842
8873 9601
2076 2436
6414 7108
2237 2849
2734 2765
8842 8969
5229 5489
8911 9428
7784 8294
2322 2774
2182 2555
2277 2432
1029 1669
8357 9151
309 448
553 1053
2674 3256
2710 3448
426 530
7228 7329
618 643
6007 6446
2064 2759
3196 3703
436 1092
3725 4151
6870 7450
3858 4038
6473 6948
5329 6063
6736 7138
39 482
9221 9526
464 1258
4547 5199
2456 2506
2390 2809
7617 7962
7577 8342
3119 3159
7879 8600
5555 5632
5364 5717
556 833
4265 4387
5163 5758
3991 4231
4438 4838
6762 6868
3701 3982
1011 1638
8148 8384
687 980
3259 3318
7974 8030
18 203
7810 8094
9788 9812
2078 2591
5332 5554
5076 5818
851 971
311 917
3418 3518
3827 4437
9250 9528
5697 5987
9054 9752
2746 3334
9221 9922
8012 8160
2228 2671
4788 4831
1711 2143
2173 2904
7774 8420
5556 6145
112 484
3915 3976
2676 2892
1607 2020
775 1444
6942 7292
1301 2072
4453 5059
3885 4527
623 870
5371 5564
2965 3454
5416 5691
737 836
3711 4197
1747 2067
2581 2940
2911 3417
8186 8761
3953 4544
5199 5684
4652 4965
4218 4482
1764 1786
397 1041
6330 6923
1600 2338
972 1520
5215 6015
8422 8968
2013 2700
6733 7147
7663 8399
2724 3410
7627 7807
9121 9499
8085 8535
1982 2244
4618 5242
853 974
6532 6958
8422 8822
2371 3132
5108 5115
577 1106
9014 9579
1861 1870
4276 4521
6731 6932
8731 8806
8036 8616
4855 5332
8447 9027
9114 9690
2827 3193
5689 6042
2394 2691
2488 3201
6451 6719
134 377
6471 6602
9085 9567
3818 4223
3427 3595
999 1016
6196 6724
7219 7444
8769 9265
7291 7466
8841 9082
6291 6802
3033 3687
7250 7642
5975 6314
2598 3239
6247 6383
1375 1938
7543 7983
5258 5400
2058 2723
3985 4784
3164 3590
3781 4496
4585 4786
5649 6254
6217 6669
7584 7850
3419 3795
2265 2792
5629 6335
7529 7742
6698 7293
4982 5663
439 633
8541 8989
1239 1484
282 683
9796 9903
6051 6290
8195 8354
781 1092
7769 8121
4841 5048
2254 2749
457 813
94 154
2921 3247
3144 3683
8097 8250
8952 9331
7294 7569
463 629
4741 5051
1990 2142
2726 3402
5004 5553
3110 3136
2415 2640
2939 3109
5491 6199
3159 3203
270 333
5626 6220
8827 9214
349 666
8790 9321
113 335
5671 6076
7829 7882
1692 1804
9255 9911
8818 9113
1147 1659
8597 9058
6419 6616
5483 6038
8868 9338
8310 8874
7322 7681
3369 4139
9619 9774
7540 7623
715 1039
4863 5179
2510 2857
8716 9364
3810 4132
687 941
9570 9992
1417 1584
5248 5964
9093 9619
2008 2413
1242 1809
6288 6979
8296 8624
8831 9440
1412 1794
667 928
5983 6149
6519 6964
8190 8807
278 394
3843 4056
4538 4666
4465 4778
8288 9022
2796 3056
3501 3796
4489 4825
3423 3886
9453 9564
7208 7532
4917 5616
3585 4317
5331 5531
4895 5685
7688 8448
4375 4455
1892 2284
8219 8476
4818 5007
