n1
918 1177
7740 8115
5144 5449
883 1167
7021 7502
6245 6928
7659 7985
853 1434
4998 5040
6513 6967
7988 8204
7158 7790
9333 9971
3696 3790
5942 6701
3775 3907
7871 8610
5540 6114
279 632
4214 4786
6874 7248
5624 5779
22 180
168 453
1189 1630
4579 5091
549 608
8264 8605
8748 9206
5763 6314
7280 7977
523 1273
2040 2641
245 943
6785 6869
6279 6788
9321 9430
8712 8839
9806 9859
798 1374
3457 3647
9509 9916
6498 6519
8533 9070
112 831
9285 9421
4699 4947
975 1210
8499 8960
638 903
3725 4081
2785 2904
3993 4267
6091 6795
57 140
3349 4016
3559 3564
9241 9531
8607 9312
3113 3802
2886 3582
3837 4451
7965 8505
3143 3820
3961 4019
7994 8576
9379 9866
7234 7529
5679 5961
5449 5457
4077 4544
4948 5712
5033 5401
5835 6386
7173 7898
211 874
9318 9561
3576 4008
2282 2675
6705 7065
6166 6792
7008 7250
1920 2027
6600 6844
986 1059
4427 4980
1457 1662
7150 7313
2619 3078
5549 5731
9355 9524
3567 3847
2840 3570
8935 9244
7473 7955
1941 1981
3866 4225
9349 9632
4903 5095
5047 5590
2784 2935
2335 2355
9598 9810
2924 3566
4184 4792
6656 7330
1071 1575
9663 9993
166 171
3541 4152
995 1291
5448 5489
7801 7960
9762 9889
5499 5823
5621 6324
4482 4568
9228 9385
2278 2598
6278 6930
2034 2453
2808 3091
267 689
742 920
7738 8177
3797 4467
4180 4687
3551 3607
441 1072
130 762
9579 9882
920 1331
679 1210
8882 9490
8876 9279
8980 9582
8861 9116
4763 5501
161 555
2033 2748
8314 8928
7592 7931
9082 9805
2888 3274
3905 4036
8798 9167
4673 5241
7222 7831
9126 9633
269 424
9261 9631
8510 9055
9365 9424
1441 1852
7365 7578
1354 1858
55 167
9190 9948
3045 3577
3879 4129
6078 6267
7561 8066
9338 9950
217 872
5772 6155
4567 5218
8489 8719
56 129
5540 5845
8052 8670
4694 4834
1402 1493
7741 7849
1664 1774
8159 8320
7187 7773
342 912
6474 6657
9813 9908
2563 3009
5298 5793
9426 9958
2866 3229
4689 4814
2441 3094
3944 4397
748 1401
5836 6137
1638 2406
6349 7087
2509 3038
788 1530
6215 6544
4894 4979
7379 7674
934 1110
4990 5694
9120 9266
5212 5289
8683 8907
964 1247
6046 6569
4755 5007
7350 7888
9194 9876
7243 7736
4306 4442
5860 6559
3196 3601
5987 6427
2181 2659
3726 4110
7156 7457
9223 9887
4892 5343
5814 6531
1384 1471
971 1580
2237 2750
6025 6205
4796 4847
480 495
5685 5843
7104 7826
1536 2033
9171 9640
577 833
346 627
2749 3154
7937 8211
1637 2379
1889 1943
6732 6785
3254 3273
1298 1735
6839 7115
7678 8433
2259 2746
821 1512
2410 2518
9025 9492
9529 9898
1583 1813
1764 2484
379 1050
3395 4169
5864 6014
396 418
9797 9861
432 970
3797 3960
8598 8975
8924 9221
7392 8082
805 1387
5622 6062
3034 3552
3762 3957
8339 8948
2619 3197
4617 5355
8657 8766
5847 5854
3289 3470
6146 6937
695 1457
906 1472
5498 5568
771 1106
4338 4450
9847 9965
9236 9602
3938 4550
5220 5732
6535 6662
7481 8137
9122 9178
2305 2506
461 660
2396 3093
142 232
9258 9789
6481 6616
5438 6124
7989 8341
6254 6708
6492 7230
1034 1287
5339 5925
951 1526
5131 5845
2810 3094
4862 5184
7364 7734
1670 1972
2795 3073
3615 3761
8585 8848
3179 3709
6437 7046
4513 4578
7746 7774
5049 5229
5741 5772
2267 3054
6679 6680
7222 7709
3617 4262
3859 4034
95 626
8680 8933
301 838
5536 6330
698 750
5298 5552
717 1193
3369 3931
2545 2677
4719 5485
8113 8155
9190 9473
8590 9188
5817 6399
3217 3502
4518 5033
553 954
3977 3990
3835 4284
666 738
4046 4160
2040 2784
2920 3173
3456 4227
4410 4542
179 580
4788 5125
7274 7575
2139 2556
3565 3603
6857 7260
6650 6785
1616 2352
7971 8144
2708 3498
5613 6005
9323 9870
3404 3646
8497 8987
667 1191
9912 9985
3869 4038
2986 3245
3165 3781
9750 9965
7829 8374
3733 3808
5379 5626
8401 8489
9365 9711
3487 3979
5856 6092
9280 9965
2163 2903
7840 7921
1565 2032
4286 4432
6179 6888
3488 4032
3504 4229
9337 9440
798 1436
3435 3536
9231 9807
93 565
1564 2068
4820 5598
9984 9990
8580 9158
6876 7239
6393 7101
1023 1080
3813 3959
9692 9759
3749 4113
3426 3849
2714 3146
4622 4865
1965 2482
1677 1834
1144 1358
646 1092
1151 1647
9317 9322
1859 2081
9267 9955
2812 3585
1115 1768
7579 7946
5619 5680
3011 3407
4022 4812
6886 7610
5235 5579
5706 6009
64 454
831 941
9218 9600
8317 8656
6617 6833
7581 7592
3175 3933
4196 4410
1287 1310
681 975
5552 6257
1843 2299
3077 3261
1885 2606
9618 9854
1971 2501
3389 3714
8624 8965
1453 1851
8567 8764
4334 4971
3863 3994
6836 7475
8622 8818
615 905
299 937
8464 9222
2264 2587
5379 5765
7913 8172
4632 4675
1651 2172
2268 2837
6262 7023
50 733
7561 7997
8276 8640
7334 7745
800 891
136 548
249 305
7851 8087
1568 1932
9261 9274
6782 6904
1350 1746
1859 2606
1409 2104
4296 4463
2926 3485
9361 9788
4001 4255
7294 7351
4915 5687
2054 2252
3260 3773
8957 9367
6580 6885
4522 4830
7068 7201
9863 9935
3528 3565
2491 3158
1571 2182
554 1294
2894 3320
2590 3062
145 815
8749 9341
6130 6391
4367 4924
5942 6673
142 518
5575 6147
777 1199
4415 4951
4956 5426
1127 1647
639 1236
9346 9393
3866 4334
2214 2913
1384 2085
8034 8490
9549 9603
1699 1947
1472 2010
8412 9137
7857 8444
1495 2263
7887 8187
5618 6086
4564 4819
8235 8317
1635 2199
59 603
6992 7471
2456 2893
9240 9470
6987 7785
9094 9358
6713 7387
2454 2811
8231 8784
1758 2046
1709 1993
8334 8538
7506 7849
86 553
9365 9511
9234 9643
3801 4550
5747 6117
9029 9464
5077 5808
6904 7474
7950 8275
6590 7270
4409 5070
4617 4681
5089 5657
3244 3627
1813 2242
3117 3332
9266 9959
6988 7069
7493 7985
5343 5816
122 837
5738 6508
9479 9794
280 695
8246 8326
2105 2249
4013 4335
3386 3536
8297 8927
1470 2008
656 897
6394 6766
4593 4717
3379 4120
5515 6083
5050 5090
1572 1770
593 1014
4826 5381
1033 1124
372 880
1674 2348
3961 4608
735 1482
2348 3051
40 390
7420 8000
936 1107
8866 9341
8535 8733
3670 3839
2141 2447
7819 8599
8505 8558
1100 1214
3320 3453
5645 5935
7096 7442
1894 1986
465 718
4201 4327
2256 2617
4878 5532
28 569
4258 4597
4702 5014
7378 7529
6157 6592
7081 7797
4958 5555
5282 5391
1185 1946
750 1344
8291 8869
5801 5960
8647 9034
9546 9734
8676 9337
8559 8958
3955 4432
5131 5252
7390 7467
4951 5586
6179 6500
6842 7118
1263 1974
8695 8954
7492 7944
1286 1767
1963 2081
5349 5852
3861 4245
2426 2834
7402 8190
8736 9339
1972 2668
6625 6883
2282 2860
2499 2767
1145 1667
8811 9474
6668 6695
197 406
6291 6947
4364 4556
3479 3881
9060 9366
9142 9261
6338 6437
5829 6024
3491 4265
4195 4205
5792 6221
5084 5756
3165 3363
5011 5153
9324 9754
280 962
8061 8432
8846 9115
8529 8966
6508 7072
8769 9286
3482 3577
3208 3412
3312 3349
5299 5725
726 1319
616 1077
6757 7084
436 502
5879 6042
1375 2148
168 417
8905 9687
7965 8559
7752 8258
1677 1938
6126 6347
8015 8142
2078 2766
5433 5599
1520 1729
2034 2102
2119 2726
2018 2244
3855 4434
4733 5376
8539 8842
4778 5534
4484 5113
660 1353
310 393
1203 1918
2070 2382
9163 9521
6540 6998
2813 3071
3651 4368
2388 2841
67 109
9722 9996
9241 9473
2476 2733
8513 9200
9485 9637
5487 5846
1291 1572
435 496
3866 3990
999 1119
4842 5211
8460 8936
8466 8861
4178 4824
3397 3682
3997 4129
4356 4887
2951 3260
7994 8270
3532 3675
2407 2679
1144 1769
2261 2532
164 232
4889 5058
54 236
42 222
1971 2434
2212 2907
3840 4411
5134 5715
8516 9052
5587 6000
6693 6890
8085 8729
6983 7009
1794 1852
7012 7310
7063 7131
3894 4228
4846 5580
7183 7834
2095 2686
7033 7367
5696 5884
553 1131
4965 5287
3168 3309
515 627
778 1133
695 714
4386 4839
4059 4824
8297 8669
1975 2450
2904 3303
142 359
1337 2083
6994 7696
3969 4207
1510 2056
9303 9335
3957 4265
8431 8925
4943 5071
2806 3539
5944 6661
5 325
6502 6752
7646 7982
2285 2687
1279 1290
2499 3126
1645 2310
5608 5962
3660 4357
9760 9931
5626 6097
5944 6714
8469 8597
8501 8988
1622 2320
1301 1445
2146 2210
1519 2003
2876 3407
1584 1975
7378 7977
5062 5540
8638 9408
6052 6285
7681 7953
5028 5687
7746 7839
642 1287
6264 7027
3806 3991
300 999
40 668
5921 6377
100 859
2957 3038
1639 1649
3689 4380
9423 9804
195 521
7010 7335
2677 3055
2595 3317
5162 5852
455 1170
7235 7749
1591 1793
3426 3823
5369 5493
4469 4584
8561 8778
5400 5624
8990 9621
1928 2282
8711 9507
2543 3177
6264 6645
6659 7249
4728 5281
1814 2585
3620 4419
1677 1846
128 294
5600 6391
3827 4112
5625 6271
9174 9563
6851 7617
576 1309
8447 8570
6239 6760
4787 4955
2020 2368
1627 1726
3527 3912
1085 1093
6696 6999
6352 6658
6078 6266
9252 9575
8885 9035
4398 5050
1274 1811
1149 1608
5174 5446
4976 5478
1574 2361
1215 1492
610 1272
9197 9995
1496 2131
7489 7621
755 1374
4703 4820
8661 8770
8549 8618
6102 6738
7067 7079
814 866
9648 9919
3340 3938
2342 3000
6829 6907
5480 5650
3033 3437
4811 5265
301 512
8098 8099
371 1142
83 333
6343 6893
6746 7231
2889 3623
8342 8704
5510 6018
8656 9147
1743 1777
2336 2926
6125 6413
1106 1756
6832 7262
2846 3368
5861 5862
5636 5689
319 536
2693 3255
3692 3758
2441 2617
8567 8825
6074 6857
9040 9432
7062 7538
8250 8919
1701 2351
758 1443
146 304
9694 9994
8532 8789
3949 4469
5304 5921
9448 9615
9106 9199
5433 6211
2174 2222
4125 4863
6218 6228
7405 7898
675 877
3906 4637
1380 1853
8 173
9235 9936
1160 1415
4223 5010
5955 6625
4223 4503
3061 3124
8920 9491
5572 5771
6282 6638
9711 9759
7411 8185
8774 9503
2016 2310
4129 4413
5671 6074
8558 9168
7232 7663
5211 5497
3288 3824
2972 3256
1448 1841
4712 5295
600 1251
5418 5618
63 124
2410 2695
815 1499
8198 8865
6526 6801
12 360
7931 8649
1869 2033
1288 2003
9025 9484
1826 2478
3880 4469
219 664
5911 6601
3470 4098
1967 2699
5572 5776
170 516
6411 6983
7991 8739
8632 8924
9474 9604
2578 3270
3097 3441
1372 1532
6926 7476
2296 2908
2868 3173
2053 2125
9601 9766
5295 5478
2429 2908
9485 9567
5135 5514
8263 8540
3851 4464
7829 8009
3931 4712
4083 4414
804 1470
3847 4205
24 552
95 650
5583 6058
2114 2116
5169 5217
5977 6286
216 969
6171 6265
6089 6548
3586 3926
478 670
448 564
8485 8562
2259 2466
6640 6944
8767 9419
8549 8941
2334 2463
1656 2318
7822 8407
1591 1696
7947 8055
5164 5194
9321 9969
8019 8024
5708 6408
1614 1839
4997 4998
5826 6409
2019 2815
8866 9659
1793 2247
1850 2163
22 479
9290 9808
8536 8696
7781 7969
6276 6659
265 313
7333 7427
3341 3693
1849 2012
4821 4923
7765 8245
3618 3624
1384 2025
5976 6547
3961 4154
3504 4270
8253 8851
7553 7574
3241 3971
8271 8842
1499 1919
8994 9604
4505 5122
76 151
2996 3002
6251 6517
3011 3483
7163 7566
8879 9338
6833 7306
7879 8483
3965 4189
3653 3942
3614 3617
331 683
688 1450
1353 1555
7986 8023
4735 4871
5693 6348
3305 3938
6092 6767
5390 5939
8789 9146
5814 5874
9207 9772
8505 8667
2429 2707
7697 8033
2367 2730
5002 5339
1052 1573
9690 9694
5940 6550
4831 5447
9629 9699
7489 7741
1517 2187
5010 5707
4979 5748
7292 7935
6896 7545
4969 5764
676 1403
4230 4520
6113 6422
989 1284
5067 5085
247 948
4336 5066
7451 8076
1523 2303
993 1234
413 522
1248 1681
5571 5935
6941 7594
4282 4921
4641 5350
2100 2239
218 303
4622 5150
49 181
9606 9917
9297 9798
5809 6299
1699 1801
3279 3803
7624 7951
7692 8294
9409 9925
2775 3340
3593 4373
7053 7536
505 1259
1161 1593
8666 9263
4846 5042
668 864
8435 8932
9256 9469
990 1377
1291 1292
2066 2376
7053 7058
1493 2145
2024 2710
8946 8984
6086 6433
6317 6372
9703 9872
7777 7872
520 782
4233 5022
5301 5656
5554 6038
3852 4340
1263 1631
4016 4372
9368 9625
6013 6501
8979 9626
4215 4784
2264 2930
1338 1458
9500 9516
2698 2732
7757 7789
5901 6204
114 259
4838 5085
2877 3179
1467 2049
6980 7366
4399 5028
1309 2074
7529 7797
7933 8284
6903 7098
2208 2984
4912 5265
3761 4429
9062 9603
7136 7485
6831 7174
7403 8063
5968 6168
9435 9890
1455 2165
2216 2972
8082 8657
5362 6107
4426 4910
2851 3069
9186 9485
8386 8976
3652 3802
751 873
1757 2088
6666 7219
7323 7596
7212 7554
7213 8008
966 1541
8899 9384
2113 2121
6629 6693
544 681
50 257
2719 3477
9453 9699
2482 3146
8492 9249
3243 3725
4315 4938
6980 7524
7090 7524
3043 3056
2021 2124
5355 5659
227 446
1878 2209
9219 9560
560 1175
7376 7967
4516 4617
2853 3392
1059 1428
717 1476
8830 9259
7444 7974
5479 5543
1459 2196
1241 1462
1148 1509
7840 8406
8709 9066
3538 4259
722 781
8956 9624
4593 5359
3770 4041
4783 5532
6424 7076
1563 1844
4800 4833
4471 4523
2843 3069
4996 5317
4378 4892
317 516
6613 7152
7618 8291
1889 2257
8538 9299
5783 6171
5618 5653
5657 6350
7825 8525
7134 7414
3651 4174
3504 4292
2922 3010
8025 8085
4018 4519
8799 9465
8141 8298
2380 2705
9207 9853
6642 7066
1541 2132
3343 3528
548 776
9474 9943
3383 4129
9438 9712
2727 3026
4516 4524
1594 2283
812 1518
940 1392
1230 1304
8050 8532
1972 2399
49 822
8563 9063
304 705
957 1414
218 464
1767 2322
5881 6226
298 453
5402 6114
5556 5894
4740 5081
7155 7296
4077 4346
6228 6697
8647 8968
9185 9709
4593 4888
9374 9626
7516 8016
7881 7939
5160 5262
6830 6957
4604 5043
7880 8194
2817 3084
6680 7230
2051 2423
3788 4029
9026 9732
2179 2728
5863 6122
1765 1944
2419 3090
8077 8445
8994 9625
2185 2817
5936 6632
4476 4729
7833 7841
5258 6053
915 1148
6778 7356
4271 4937
8950 9710
7476 7926
6503 6700
1734 1873
9551 9703
478 564
125 193
343 1130
9389 9567
9230 9271
5416 5802
8736 9417
6151 6856
142 628
3981 4418
2929 2958
7126 7498
6474 6902
1406 2110
1056 1386
5454 5987
1667 1985
1325 1457
7811 8484
3759 4053
7697 7714
3993 4052
6088 6140
9322 9858
7757 8356
8998 9798
2949 3307
7156 7714
1251 1290
5545 5690
94 239
8649 9442
2517 2842
521 769
3235 4007
4083 4605
9022 9024
1669 1960
8754 9141
1910 2224
9583 9815
3514 3717
5920 6050
5302 6040
9680 9735
8260 8504
3814 3949
6717 6793
3066 3453
900 1044
9781 9814
3056 3401
7589 7942
8558 8960
3847 4026
6305 6754
3577 4261
3037 3772
8266 8440
4387 4395
8342 8514
8185 8224
6787 7162
5469 5595
1518 1923
9435 9965
38 46
2694 2826
2407 2766
9206 9446
6067 6606
1726 2471
619 981
2205 2236
1664 1834
8932 9006
6781 7398
3225 3556
9265 9995
7026 7623
4544 4804
781 1121
7998 8612
2030 2299
2609 2713
3050 3412
2315 2864
8285 8898
9016 9737
8979 9177
260 1009
927 1512
511 614
357 994
4077 4258
1441 2096
8441 8878
5574 6288
4009 4567
8716 9277
2096 2733
6836 7214
6480 6706
7933 7964
1554 1861
6676 7346
2520 2754
6949 7636
7531 8073
6631 7010
3072 3579
7716 8109
8087 8551
282 562
4716 4727
3107 3269
8523 8998
6914 7476
3101 3254
5765 6276
1221 1728
1461 1578
9196 9324
563 608
9635 9895
3928 4660
2490 2822
1326 1511
5783 5887
5060 5111
5950 5951
6254 6871
2240 3017
6609 6635
543 969
9187 9344
2375 2732
9524 9980
3149 3301
8008 8755
5946 6391
7093 7453
919 1232
7113 7704
9297 9627
4569 5064
3019 3086
1701 2460
3516 3560
336 683
1104 1197
3933 4516
5546 5890
5754 6076
9218 9556
7568 8317
7810 8342
5934 6462
8 140
9359 9818
1941 2254
227 634
1824 2326
9400 9900
967 1187
4851 5336
7004 7684
3872 4386
657 1100
6434 7060
9184 9487
7348 7701
3458 4188
3804 4413
6079 6814
6813 7022
3043 3841
7114 7350
3433 4083
4700 5184
1402 1581
5267 5864
7151 7601
1362 1403
1930 2429
9647 9725
2150 2761
2503 3103
3311 4108
1789 1904
2347 2632
9274 9363
7687 7995
4168 4896
9087 9670
6390 6781
7058 7176
5421 5803
7296 7323
601 818
7794 8119
4281 4283
1036 1166
983 1067
4136 4814
8750 9519
1681 2254
3343 4087
4627 5410
5952 6399
798 1503
431 496
9234 9514
4923 5650
6885 7472
2663 2959
8906 9623
1135 1165
6638 7411
1376 1699
5289 5366
634 1028
9461 9851
5840 6458
5651 6226
1817 2327
6671 7363
384 877
857 1093
4544 4665
1431 1706
6741 7403
1148 1294
4955 5233
4262 4268
1561 1866
1761 1890
1407 2041
1479 1850
8756 9353
1599 2392
8353 9000
4686 4823
9405 9808
2639 2992
1980 2201
8560 9235
6416 6934
7311 7605
6176 6277
5698 6401
445 954
5473 5712
8599 8836
688 1168
7860 7917
2453 2526
8407 9141
7803 8011
5073 5311
2866 2976
7412 7575
4723 4852
4608 4672
4937 5552
5397 5837
3611 4275
9267 9548
2427 2468
3869 4276
5642 6249
5895 6365
7444 7807
3219 3432
8634 8719
5424 5595
343 364
5355 6139
9095 9295
5785 5916
8171 8908
7367 8067
570 645
2284 2455
6468 6538
3811 4243
2426 2705
485 820
2399 3072
6790 7443
1264 1451
6800 7408
135 689
6675 7135
5659 5783
5633 6050
8756 8960
2798 3414
6645 7000
5907 6034
446 1246
8492 9062
7152 7778
2023 2339
5563 5903
6289 6795
9226 9466
5773 5841
4971 5531
6705 7203
1630 2244
7235 7427
3081 3706
4924 5299
7088 7601
2428 2809
4263 4486
8250 8921
4066 4811
6845 7357
2107 2178
1188 1962
4843 5437
333 778
9435 9807
2061 2641
7900 8310
5947 6212
1439 1598
5251 6048
4648 5382
6227 6871
1574 2019
3440 3966
5422 5561
6760 7350
7269 7555
977 1720
8695 9267
8374 9131
1481 1566
9219 9360
3579 3613
8074 8114
4329 4430
822 1263
6603 6836
5073 5233
2836 3472
909 1485
6757 7010
5191 5639
1557 1949
2574 3261
6541 7215
1514 1563
1525 1685
514 1080
5875 5935
3452 3947
915 1699
5728 6164
4006 4241
1376 2168
2767 3466
4183 4885
9352 9879
7737 8372
4880 5456
1374 1795
1832 2433
6158 6187
3438 3702
6180 6486
5241 5729
4729 4819
2227 2954
38 835
2157 2411
3453 3720
7415 7459
6106 6570
1544 1852
6999 7294
4165 4300
842 1130
9167 9186
4255 4753
4474 4704
6188 6809
442 501
9118 9625
6548 7112
580 1222
639 678
85 528
5939 6629
2398 2499
2391 2937
3188 3415
2725 2873
3534 3873
263 384
7837 8549
6819 7454
1333 1448
9212 9561
3689 3754
7546 7879
9131 9829
3387 3855
9455 9656
3779 3810
9000 9386
78 674
7910 8034
8877 8904
5786 5902
3381 4093
6974 7762
9330 9901
5733 6291
7245 7824
2519 2685
6880 7320
9150 9296
86 194
8518 8729
3537 3618
7471 8073
1892 2153
9446 9914
4100 4103
6812 7583
3071 3325
492 1259
457 717
2094 2205
8010 8193
4445 4815
8459 9210
4119 4250
6139 6546
2174 2862
2666 3195
392 1143
1976 2544
6883 7028
6849 7299
5633 5999
3847 4041
5628 6155
6479 7004
6576 6937
3344 3852
9293 9955
5607 6153
9508 9944
6719 7504
6649 6945
6537 6705
1464 1936
2430 2868
3639 3862
7526 7701
9204 9367
6911 6991
2004 2279
78 303
2170 2846
6184 6440
1752 2394
4447 5147
7948 8417
8787 9065
1918 2021
9308 9361
7333 7886
5773 5902
7249 7990
4921 5065
3496 3992
9264 9397
5356 5771
8927 9438
6342 6578
5707 6198
8635 9228
1779 2244
8630 9005
3753 4038
9505 9856
6018 6709
6268 7059
330 374
1592 1712
8445 8578
7150 7300
2001 2157
5712 6028
4774 5099
2937 3672
1982 2488
1938 2727
6456 6744
269 423
6745 7241
435 445
4716 4846
8456 9069
4543 5178
8638 8927
808 1423
6457 6879
3224 3607
1067 1427
3734 4304
6914 7030
758 820
4015 4743
8128 8285
1908 2512
3280 3538
3647 3682
4437 4938
1051 1814
9199 9583
7749 8022
6697 7049
6080 6258
7109 7464
1677 1841
1689 2420
7277 7798
4770 4853
8948 9171
4853 5233
7395 8100
5939 6008
7217 8000
4272 4521
892 1207
3518 3745
6829 7546
5015 5536
4599 4632
2277 2349
9840 9979
6259 6601
9785 9988
4901 5120
2601 3158
8498 8960
9248 9442
719 955
1659 1686
7417 7474
7129 7454
6391 7167
3089 3254
6712 7420
6573 7215
4355 4464
6976 7044
4668 5077
5860 6026
5281 6008
4691 5229
2293 2566
5895 6658
614 1290
1150 1576
470 1103
8570 9000
9204 9620
6259 6970
9275 9708
613 1371
8527 8746
1526 2309
8452 8785
2045 2091
5235 5378
7763 8343
5692 6337
1487 1625
1377 2001
213 766
6897 7124
1359 1814
3539 3985
771 1086
3260 3680
2192 2535
4144 4897
3578 4218
8147 8255
6647 7249
4732 5496
8108 8861
7823 8149
3186 3619
1650 1784
7666 7887
740 1009
392 513
4628 4814
799 1276
5569 5779
603 740
2309 2965
944 1445
9553 9978
7527 7694
4289 5080
5083 5800
3854 4116
6722 7048
5597 5976
3273 3585
5246 5401
8614 9136
3969 4620
5123 5519
9114 9808
8268 8500
5589 5730
9362 9879
1542 2162
9185 9462
7350 7358
238 498
1391 2047
8079 8582
3520 3676
4159 4407
7043 7178
7684 7793
5 179
8319 8997
3256 4045
246 737
7315 7814
9279 9551
3935 4376
9515 9522
3121 3548
6769 7003
2089 2241
7094 7121
5313 5640
6580 6615
6180 6918
7471 7560
6090 6262
807 1493
762 1181
210 650
4973 5609
8538 8960
2706 3245
3569 4032
1678 2155
8322 8710
1105 1358
9453 9750
81 350
4332 4988
3794 4121
2285 3027
686 852
9809 9839
5885 5987
5545 6022
3266 3449
2245 2739
2703 3095
7197 7549
3084 3804
896 1048
6750 7288
4257 4937
3436 3846
2167 2656
9424 9993
4766 5319
5611 5892
685 932
1926 2661
8534 8926
5807 6432
3567 4314
614 627
8233 8660
6966 7042
8313 8730
2275 2334
3694 4102
8229 8825
132 249
4000 4047
4997 5336
7589 7803
8847 8970
6338 7012
3192 3985
4716 5281
8126 8340
7386 7432
2976 3125
695 947
6017 6278
5027 5474
9102 9370
2758 3306
2701 3029
404 691
2461 2983
499 894
762 1312
6371 6987
9047 9071
599 873
5122 5185
8593 8839
8833 9274
9459 9598
2901 3669
8056 8618
4662 4903
7229 7657
9266 9413
4944 5489
9125 9894
9172 9943
2438 3180
9433 9956
3169 3657
9553 9715
1715 2422
9193 9387
1052 1198
3970 4562
7859 8090
7206 7384
8807 8984
7457 7908
4797 5091
6455 7234
1342 1963
6531 7182
2143 2514
3102 3555
1483 2267
3135 3186
3187 3891
657 915
4440 5075
4026 4467
1873 1954
2623 2675
6988 7007
6606 7011
1610 1949
6185 6326
8219 8728
4672 5409
4018 4633
7644 8389
5755 6061
2605 2982
8529 8572
534 857
8767 9428
2903 3461
5340 5645
2122 2228
2933 3188
5406 5411
9820 9887
2017 2675
636 860
8963 9623
5790 5941
4405 4693
4419 4713
7722 8355
6299 6763
9590 9837
1883 2476
8316 9084
5685 6101
3309 3422
6379 6930
8904 9125
936 1464
1632 1890
9400 9826
3960 4056
7612 7718
7531 8065
6450 6929
9071 9615
6692 7313
97 471
3927 4191
5321 5931
1926 1989
1795 1919
6203 6498
2136 2493
3873 4558
3701 4247
6768 7173
6999 7461
7023 7139
3391 3393
6462 6745
1900 2620
2036 2822
672 855
2584 2590
1118 1304
3460 4175
2512 2697
8320 8573
3067 3770
2820 2953
7567 7872
2901 3323
188 295
1649 2075
5944 6096
81 501
7730 8472
5544 5704
886 1508
248 949
9276 9862
1510 1868
3671 4470
6691 7048
6604 6679
8120 8331
9156 9673
6843 7089
5123 5768
256 919
4663 5440
8086 8337
55 186
1301 1685
8708 8850
6382 6627
3208 3370
6095 6658
6602 7388
3989 4398
7210 7260
845 1544
5869 6261
4049 4831
4174 4682
1400 1597
2972 3410
3791 3855
9496 9985
9481 9746
1261 1334
5878 6498
8481 8995
8807 9476
2854 3351
3789 3892
2686 3331
4985 5465
2662 3455
5015 5346
5295 5982
5672 6080
4113 4260
8229 8569
5900 6687
4560 4998
3946 4308
1925 2092
3116 3397
4989 5704
5609 6317
8566 8752
9116 9778
4063 4107
4898 5197
1824 2276
2268 2794
3566 4289
112 597
329 669
3442 3559
5494 5691
8388 9165
3227 3953
2400 2884
6990 7306
7741 7886
8778 9229
3583 3639
262 1024
9215 9294
652 848
8816 9124
7119 7662
13 595
3143 3485
2738 3428
8853 9070
559 1128
7680 8034
277 964
3944 4716
7894 8190
34 542
298 524
1909 2081
1470 2269
2957 3147
7957 8353
1046 1107
6365 6596
3309 3932
6934 7346
3903 4399
8716 8746
864 1379
9466 9680
4090 4720
7856 7889
4487 4758
356 796
1600 2327
2463 2655
3070 3698
8277 8889
3175 3182
1969 2296
6167 6748
1981 2394
401 764
7907 8533
5079 5451
5109 5578
5073 5826
4621 4880
8202 8451
618 1070
4393 4995
8000 8785
7952 8494
4549 5151
4086 4534
7552 7936
8470 8718
1256 1430
2941 3174
4027 4514
347 533
8481 8680
866 889
6823 7438
835 1518
3462 3698
2585 3242
660 1344
4756 5518
1721 2004
3763 3775
8838 9255
8367 9136
2117 2722
1883 2216
3838 3842
5551 5838
6368 7099
1714 2107
9135 9581
3479 3673
6395 6643
6374 6930
9828 9880
7439 8197
761 1108
5452 6204
2638 3415
4702 5057
8636 9347
1357 1406
2807 3586
7351 7949
4398 4740
494 979
4518 5186
4584 4793
2175 2681
6987 7352
34 313
9386 9483
9390 9838
1323 2058
5348 5982
8404 8905
925 1021
2778 2809
1560 1960
9711 9859
9501 9814
3125 3409
1586 2034
2269 2737
7565 8321
5236 5255
8680 9183
2715 3405
241 786
2858 3415
4688 5128
3327 3577
6696 6847
34 178
8753 9523
4191 4268
1160 1872
4023 4078
1252 1764
957 1154
5477 5796
9374 9528
7411 7847
2543 2724
6517 7187
9273 9773
7865 7941
6433 6743
8794 8954
5782 6337
2002 2516
7581 7627
1766 2028
3587 3761
2358 2947
281 497
5750 6176
3240 3677
5829 5902
508 673
7060 7609
5244 5782
2161 2227
6182 6652
198 541
9753 9774
6255 6526
5135 5612
307 371
4654 4861
1844 2173
4254 4827
5038 5609
4768 5181
1598 1881
3467 3537
2669 2705
9130 9312
8785 9449
4058 4643
7946 8622
641 960
183 266
3787 4320
5527 5859
5278 5480
6942 7610
55 674
5903 6631
3972 4235
9191 9374
7955 8455
5717 6075
2291 3015
1664 2459
4896 5367
3775 4281
5351 5870
5030 5407
2592 2872
1935 2458
7918 8640
569 1108
1614 2203
6417 7057
8593 8976
1789 1946
1782 2166
9005 9741
1216 1604
260 435
2064 2277
3330 4046
5913 6030
8687 9364
7958 8283
8659 8934
2559 2567
6523 7311
3821 3848
2699 3093
4047 4650
7735 8368
4762 4964
2795 3203
6701 6813
912 1503
1909 2359
8355 8661
4111 4817
2619 3067
7587 8103
6242 6857
8185 8459
1735 2169
4112 4330
4076 4548
6947 7262
3303 3649
6299 6858
8618 9350
1435 1893
1032 1158
6660 7192
2464 3037
9060 9612
185 242
1751 1770
9799 9934
6933 7550
3843 3935
6162 6651
6546 7060
6541 6571
4331 4417
8061 8081
8150 8726
3978 4008
9300 9625
8108 8369
6596 6670
521 668
1505 1964
8527 9275
4562 4947
7095 7747
8060 8246
887 1303
2506 3228
8241 8291
557 863
898 938
1388 1831
3608 3706
6826 7304
1209 1615
3021 3365
7294 7484
1537 1576
2453 2548
3692 3697
5071 5633
9660 9868
1649 2021
6381 6681
3733 3763
7686 7732
3818 3981
9418 9472
4251 4620
5376 5548
5218 5689
8755 8795
8008 8717
7390 7924
4550 4585
848 1043
5821 6521
8107 8654
4245 4600
124 621
3683 3704
9433 9901
9507 9647
1044 1665
538 975
1893 2340
6426 6934
2490 3176
1266 1642
2889 3070
4186 4933
3819 4581
5450 5971
9659 9825
5214 5303
7715 7809
124 218
1335 1552
1131 1804
311 598
1473 2208
4087 4771
4494 5177
746 1294
7903 8333
4917 5012
3464 4148
7783 7801
3562 4160
4748 4758
2602 3295
3228 3945
4229 4961
3880 4159
8443 8534
7584 8062
5496 6125
4399 4754
6886 6926
549 632
7598 8193
673 1209
7026 7483
3081 3507
2002 2718
8572 8601
4660 4704
6998 7616
953 1618
7010 7709
1493 1877
6346 6613
2079 2355
8072 8489
1956 2313
9696 9997
2483 3267
3414 3808
1457 2056
7494 7834
3704 3985
8246 8831
4524 4731
1477 2080
1854 1901
4744 4986
2912 3403
7568 7707
8951 9493
3718 3805
8699 9065
8918 9517
4817 5027
2264 2754
9361 9655
2835 3529
1393 1787
660 1380
7093 7334
3112 3907
1236 1503
9397 9748
7523 8293
6652 7276
4099 4850
103 220
2746 2818
5679 6136
973 1564
9304 9933
4580 5264
4206 4423
5200 5236
7861 8107
7177 7248
8919 9717
7655 8043
580 1219
8168 8192
9350 9771
286 537
1310 1928
2498 2664
4756 4830
2823 3087
9104 9691
53 418
2575 3222
850 1602
6588 6652
1841 2218
5070 5536
6959 7105
4844 5033
4094 4373
3930 4120
6678 6926
2753 3468
4540 4555
5461 5664
3020 3347
1772 1800
7787 7791
5162 5820
7064 7699
5741 6356
5499 5602
3859 4321
2423 2882
8584 9025
4591 5081
7019 7473
9063 9819
8511 8864
3349 3605
4553 5190
3160 3805
2123 2594
7684 8389
1361 2046
2484 2613
8447 8475
9534 9648
7773 8423
6119 6249
8048 8779
8985 9415
1912 2070
2256 2499
3793 4507
4423 4625
1127 1581
660 1051
377 426
8603 8681
2294 2883
9578 9677
5658 6137
2213 2873
2813 3387
7550 8228
2948 3532
7858 8119
7215 7246
553 860
2133 2809
3202 3250
7061 7519
4873 5495
3225 3316
5817 6334
8065 8254
9580 9874
6695 6847
9356 9447
573 933
7222 7542
7613 7744
3849 4199
7063 7397
900 1458
4843 4931
3242 3296
4183 4260
8777 8886
8069 8823
8621 8846
8659 9334
7213 7820
3473 3846
8357 8716
5754 6040
7291 7950
8642 9206
9241 9999
7827 8536
7604 7772
3673 3693
7212 7337
9163 9646
2879 3391
7790 8331
1689 2468
2121 2866
7663 7859
8710 8988
620 949
1244 1726
7975 8762
3887 4108
4859 5317
6665 6833
4839 5304
7767 8419
8109 8436
4492 5091
545 920
1572 1578
3668 3930
5080 5109
8936 8962
6989 7177
6996 7442
1997 2382
3920 4291
5693 6481
3306 3577
2872 3088
8417 8863
6349 6539
6824 7276
8063 8196
2507 2753
8483 9007
9676 9786
6867 7491
1774 1990
6895 7656
6410 6647
3150 3717
373 742
3423 3896
2052 2687
1318 1467
8276 8544
8981 9206
722 1455
6671 6700
4339 4821
6002 6026
119 484
2441 2871
9353 9635
6582 7179
5944 6701
3429 3849
117 136
336 412
9533 9978
3091 3404
2613 2764
6495 6535
6768 7180
2740 3538
3543 4218
4120 4229
359 691
2181 2399
2853 3356
4264 5021
3990 4658
6949 7651
8133 8518
5625 5810
7748 7914
9918 9977
6789 7301
4857 5448
5149 5365
5189 5880
5273 5978
2334 2521
1126 1775
2679 3202
231 922
1291 1451
8981 9060
8605 8970
3284 3329
7834 8098
7580 8135
4142 4203
6148 6322
8171 8513
7130 7725
6209 6648
4623 4732
5864 6240
7217 7758
3558 3602
3592 3988
210 227
8072 8125
4773 5224
2636 3300
1325 1490
1138 1320
2013 2635
913 1505
9408 9912
1956 2137
1467 1513
4417 4864
2078 2542
6361 7037
7301 7402
2360 2919
2672 3425
7417 7610
3237 3971
1234 1673
2847 2860
7436 7962
1675 2025
9739 9996
9232 9977
2138 2862
7612 7818
2286 3052
1742 2482
5258 5709
6472 6619
7421 8049
5473 6149
7427 7933
391 1040
2565 2657
8717 9297
2664 3305
7405 8027
5818 6056
765 1347
3985 4216
7802 7953
9080 9705
3814 4229
2907 3584
7658 7746
3403 3555
4684 5466
9001 9713
9149 9515
4423 4429
6321 7010
7778 7934
1288 1968
3904 4703
5816 6372
9755 9881
5666 5787
1067 1153
4414 4526
9201 9728
4742 4945
7903 8651
9134 9740
5646 5803
4875 5450
5757 5813
4252 4889
2507 3245
8514 9200
3232 3347
8999 9619
3745 3773
7881 8471
5054 5600
5941 6322
6388 6618
8243 8377
3487 4042
8070 8372
7361 7660
2321 2705
9357 9751
1177 1638
8335 9057
2159 2836
7329 7832
3439 4221
8974 9373
6942 6958
818 1107
6623 6663
870 1666
3720 3970
3635 4194
9277 9788
8606 8649
8875 9318
349 814
4758 5038
1242 1767
810 1107
680 928
288 472
7764 8296
2972 3016
5868 6529
8433 8782
610 1152
5356 5426
1771 1866
7077 7810
8728 9434
4609 5234
343 786
42 342
9652 9658
6947 7054
8607 9052
4735 4770
1299 1527
505 918
6426 6888
2961 3586
5663 6273
1964 2739
3718 4094
9747 9807
1625 2225
3047 3372
2706 3346
4042 4137
428 732
4368 5149
6193 6568
3637 4271
2610 2681
943 1250
7606 8353
2034 2537
8103 8571
2718 2853
1907 2290
2260 2897
7022 7604
1184 1551
250 768
7159 7692
92 562
9386 9955
6680 7107
5649 5909
8714 8843
2676 3404
4238 4707
6887 7608
1237 1451
3673 4122
8136 8871
5722 5957
7302 7397
305 949
8058 8728
4824 5102
1268 1496
7893 8555
5333 5758
1818 1989
5110 5755
9239 9728
8241 8964
7929 8005
5705 5956
7637 8313
4016 4212
6834 7345
110 806
1860 2028
9350 9848
1107 1332
4836 4843
2704 2942
9666 9873
8598 8983
2852 3575
4350 4806
9384 9473
1528 1549
6635 7274
2430 3019
6375 6377
2986 3376
9079 9093
9274 9516
5802 5868
2750 2996
6229 6329
2865 3353
3493 3592
2732 3526
4266 4777
5774 5840
3472 3542
1431 2013
686 943
1512 2254
98 524
7819 8446
7312 7874
5614 6062
6169 6863
7934 8499
5758 6009
6514 6721
7811 8190
7790 8142
8726 9269
8675 9427
6308 7098
5760 6107
9062 9818
4056 4460
8813 9597
6444 6504
3437 3691
5751 6527
6619 6685
1254 1903
5215 5270
4818 5169
8996 9580
7677 8067
1943 2606
8895 9203
3352 3421
7942 8718
2585 2898
7929 8199
5128 5348
8949 9705
1331 1365
1705 1866
6003 6781
75 184
1453 1953
5519 6310
2488 2592
4562 5214
9150 9411
6839 7542
9542 9990
2819 3261
1602 2364
9184 9790
257 770
5442 5951
2820 3111
2497 2566
4503 4834
2516 3047
4721 5130
3090 3222
1962 2501
2639 2702
100 334
9380 9913
8867 9178
2323 2709
9551 9803
560 1291
2685 2816
7908 8328
7339 8039
7515 7781
4849 4952
4318 4889
2940 3048
2126 2401
141 914
2520 3245
5240 5942
3794 4362
8168 8351
1644 2045
255 909
5979 6290
411 1178
5290 5687
359 439
1786 1814
2000 2143
6470 7166
9008 9593
2839 3616
8069 8613
5788 6460
1564 2140
6309 6619
4112 4181
4888 5012
75 374
733 1276
1539 1646
4172 4748
266 848
6006 6009
4169 4708
5523 5940
9341 9632
2887 2936
5843 5990
1066 1158
8448 9154
2268 2481
8304 8523
1175 1830
2034 2274
738 922
2412 2609
1632 2205
7539 8227
943 1261
7559 7745
7799 8169
596 1132
9229 9828
3435 4117
8658 9396
4262 4965
7450 7797
7476 7618
91 213
1981 2061
27 128
321 686
4379 4561
1145 1382
8581 8669
4983 5402
1393 1690
7759 8524
2569 2968
7216 8000
5232 5653
6469 7116
2237 3035
3567 3647
4041 4303
2195 2845
955 1697
6903 7541
8887 8940
5863 6120
4838 5234
748 1529
9852 9991
6422 6812
2067 2165
318 791
5385 5919
7616 7698
4503 5056
8399 8970
1909 2690
6301 7021
5858 6502
164 795
466 659
8366 9072
7783 7793
2628 3231
14 751
9061 9427
2424 2549
8874 9357
7196 7927
102 759
4177 4942
413 1036
1528 1625
9794 9896
4353 5118
6212 6847
5128 5649
3147 3176
3732 3933
2129 2699
5213 5299
9432 9726
265 881
6283 6914
883 1444
8054 8662
3023 3419
2426 2682
6576 6881
2573 2785
7199 7265
782 906
3731 3915
6160 6939
5822 6160
7095 7814
2869 3601
5061 5344
843 1182
157 878
3892 4170
4357 5098
2809 2886
5040 5470
6449 7017
2408 2779
5718 6331
5251 5837
2299 2316
1119 1629
8195 8593
5716 5731
1177 1495
5690 6375
2308 2963
1534 1631
114 844
3833 4473
5251 5662
1282 1732
6294 6536
5460 5756
8428 8713
6537 7053
8136 8282
8297 8955
976 1041
625 1177
4418 5014
1842 2515
3045 3099
3427 3704
290 378
5755 6263
1846 2390
101 431
7739 8154
2405 2994
4470 5038
7061 7382
6353 6848
5187 5746
4985 5045
9328 9422
9822 9939
7767 7988
3253 3433
5227 5743
8182 8310
4601 4806
2143 2795
8447 8526
3828 4013
72 523
3664 3904
1155 1413
3958 4365
3273 3541
5826 6280
8241 9034
4278 4441
1119 1883
2208 2590
4942 5629
7646 8325
9111 9833
2336 2755
2621 2846
538 1074
3071 3444
8498 9106
5178 5460
153 938
4960 5408
2583 2864
5809 5836
5996 6612
2534 2659
5945 6595
2383 2526
8744 9363
6874 7407
5615 6401
8731 9477
6839 7581
3418 4213
6931 7335
9361 9775
86 182
3357 3659
2644 2670
9378 9493
5280 5954
7485 8055
5677 5906
3134 3787
126 246
7065 7102
2675 3307
6809 6812
3813 4246
568 1124
1049 1403
5611 6358
2746 3098
6247 6282
6947 7210
9564 9770
9476 9657
1683 2298
6471 6532
2935 3275
6617 7223
5461 5541
574 1154
3553 3850
3689 3795
780 1065
7147 7314
8937 9554
4478 4830
4688 5114
1065 1545
7726 8198
9518 9673
333 356
2199 2521
3 305
7801 8139
9153 9542
2561 2866
353 930
123 798
1639 1927
6915 7084
1346 2101
420 533
5664 5796
4477 4637
8476 9262
2322 2760
6015 6707
8456 9188
3539 3655
165 579
5501 6133
3643 3869
9122 9816
1779 2536
4044 4352
5458 5778
4122 4503
7693 8210
9256 9908
5403 5976
2280 2632
4012 4672
5570 6044
6080 6428
2044 2793
3913 4419
2558 2968
4473 5175
8639 9016
3309 3422
2602 3149
3299 3384
2448 2828
1290 1766
4754 5018
5530 5841
3705 4264
2189 2578
3651 4141
6255 6800
458 625
2121 2349
5884 6406
8978 9040
2931 3435
7569 7881
7414 7584
4173 4395
1857 2047
7099 7729
1797 2136
3851 4072
6933 7658
2031 2754
7877 7909
8768 9428
3419 4169
28 438
1035 1717
7951 8067
1224 1798
422 1029
4948 5538
7182 7830
459 609
7373 7553
2570 2619
4779 5081
2746 3513
5872 6201
3857 3893
2835 2888
9768 9818
2941 2952
644 1078
2071 2411
61 233
3998 4566
9546 9962
5160 5250
4620 5240
2888 3194
2066 2375
6022 6314
980 1324
6451 6945
1988 2089
3637 4280
7877 8412
8820 9484
6649 6996
859 1025
4842 5061
6060 6347
8854 9580
9483 9710
947 1478
6685 7302
2618 2933
705 1002
8172 8612
5932 6686
5057 5541
5299 5510
4471 4675
2386 3068
9208 9849
249 352
4809 5454
8957 9133
485 791
4395 4566
3682 4227
4271 4342
6179 6961
2660 3226
6644 7018
3298 3581
3331 3730
5638 5822
2926 3480
2693 2720
4295 4776
2585 3231
30 128
18 400
8765 9417
8434 8960
3485 4123
8917 9604
584 835
5264 5986
9136 9365
7663 7884
9574 9962
6602 6859
5219 5519
9244 9404
7332 8024
6492 7218
6666 6892
3681 4328
8751 8937
7010 7804
1083 1141
5913 6549
3741 3860
4044 4366
7065 7356
4138 4273
3528 4251
7932 8018
8535 8803
374 646
7391 7493
637 1031
4296 4712
1774 2266
3029 3337
1021 1506
5674 5711
357 960
1974 2353
2368 2838
5392 5566
3471 3568
6557 6646
3911 4523
6956 7389
1695 1954
6056 6074
3368 3407
7757 8286
6223 6604
76 221
8677 8678
1876 1948
390 738
2403 2645
3634 3880
2892 3414
8410 9165
605 1206
1335 1525
8752 8774
7752 7786
6624 6912
9118 9533
154 567
4277 4430
2818 3526
598 752
4136 4205
7802 8164
9703 9723
5446 6056
938 1223
7941 8177
1377 1974
2583 3181
5762 6038
1735 1974
8078 8778
2689 2711
3386 3473
1969 2240
263 470
7607 7829
8854 8987
5579 6315
720 1509
5063 5796
9226 9603
2273 2778
11 500
3220 3382
8280 8710
4545 5138
8060 8318
465 1141
274 507
45 486
8175 8705
5218 5818
9520 9617
2080 2203
8275 8991
4253 4772
2214 2253
6876 7562
6999 7697
4388 4409
7731 8364
2918 3181
9270 9759
1658 1955
9324 9459
1178 1441
2416 2539
7852 8602
7024 7632
1025 1792
2693 2964
1021 1483
7022 7255
306 727
2982 3131
5460 5821
3561 4242
7317 7953
4932 5633
549 1051
3179 3342
4874 5461
2360 2594
3075 3524
460 1104
942 1118
2648 3152
7304 7991
390 631
134 906
6571 6967
4806 4888
8020 8521
2964 3658
4037 4659
3685 3743
4147 4676
1054 1280
1796 2446
6579 6595
1236 1601
4129 4224
5524 6060
355 586
7705 8026
4033 4079
1810 1941
9356 9520
380 398
9426 9674
6990 7447
7428 8106
1833 1880
2905 3702
5651 6220
1001 1055
4912 5055
9389 9675
7898 8283
643 845
6544 7254
5007 5617
2890 3505
382 1009
9392 9445
4962 5748
6340 6993
883 1519
2585 2781
4430 4606
9477 9679
5396 5991
8418 8937
5564 6025
9312 9364
4650 5414
4592 5059
3335 3431
7150 7451
8024 8713
526 1218
9047 9608
3530 3636
8837 9007
1122 1125
8821 9309
9303 9472
2073 2620
3735 4175
1232 1853
8374 8828
1196 1565
726 1021
8769 9311
6867 7284
4981 5355
4319 4868
6534 6780
9531 9971
736 1093
3126 3400
5140 5502
395 1107
5124 5695
6685 7189
5694 6228
6978 7291
9761 9921
7639 8207
641 951
5046 5073
4272 4803
6477 6892
27 203
2259 3056
6836 7276
8216 8480
7786 7924
116 159
8699 9165
1117 1188
8105 8342
5030 5663
6654 6983
189 726
9622 9753
1300 1596
4056 4079
8885 9370
2093 2393
9440 9610
5194 5928
5944 6569
6331 6636
6138 6459
6634 6951
160 333
6093 6371
6267 6833
4000 4042
3477 3702
3241 3606
3908 4397
5663 6205
9492 9846
9125 9238
9790 9839
6147 6402
3021 3359
550 567
9571 9591
5029 5360
7165 7838
4511 4577
5714 6036
5499 5911
7674 8258
4645 4756
6151 6866
6024 6661
2060 2526
4208 4534
636 1112
8189 8874
5228 5371
6998 7531
8181 8251
7805 8021
6580 6828
6391 6984
1748 2181
5468 6122
1109 1253
8308 8765
2857 3345
2788 2977
9042 9528
1045 1455
250 677
6860 6896
6468 6990
1561 2318
673 1235
622 1328
2366 3016
2473 2686
3119 3329
6861 7052
508 573
4685 5471
9417 9944
353 750
2005 2344
3508 3572
7520 8072
2959 3543
8031 8326
310 748
4169 4686
6670 6848
7074 7123
482 915
5467 6083
3320 3423
7708 7875
6734 7074
9379 9569
6278 6776
3566 3789
5264 5887
6852 7197
9428 9916
8278 8310
4420 4675
6668 6772
9350 9874
7221 7539
7064 7224
371 957
1085 1663
1800 2513
8602 9131
1709 2006
8082 8330
9219 9392
202 399
7036 7519
598 1373
9425 9849
5445 5811
2909 3433
7935 8316
1937 1962
6493 7273
802 1059
1632 1790
8762 8868
6999 7630
1268 1520
2166 2188
4558 4811
2277 2415
6595 6699
6704 6802
5252 5657
7907 7970
3236 4023
260 827
7615 7983
718 1186
3997 4731
5666 5737
4854 5451
7786 8358
1994 2213
2398 2882
2496 3128
6504 7143
7159 7666
3475 4249
1924 2622
3790 4307
4521 4814
5262 6016
4034 4075
1648 1769
5596 5859
7608 7633
1733 2208
9704 9977
1545 2176
8605 8842
6184 6625
1341 1698
290 771
2379 2628
5392 5610
9442 9529
2275 2477
4138 4763
5210 5888
6348 7046
4176 4617
3709 4391
8222 8928
6404 6879
9177 9737
1879 2184
5395 5711
8681 9065
6187 6668
8606 9045
5789 6436
4761 5068
4241 4613
5804 6264
9665 9964
5294 5654
2885 3437
5236 5868
3859 4447
9629 9965
9904 9980
5776 5799
8856 9582
1140 1605
4203 4883
3737 4185
1190 1402
2112 2305
9544 9772
6428 6668
8983 9658
9608 9783
4329 4795
4484 4703
6098 6547
92 378
5863 6531
7584 8295
4320 4510
5750 6242
6184 6840
7764 8536
1387 1805
7098 7411
8414 8940
604 960
7735 8374
410 1058
4902 4942
4270 4337
7468 8139
3181 3229
6373 7112
4773 4878
9839 9989
5017 5458
1967 2592
7230 7934
2504 2943
1804 2477
2333 3053
6238 7020
6853 7254
4805 4851
3023 3670
8965 9556
3785 3933
9126 9134
7033 7112
3439 3951
2310 2345
4226 4552
9100 9673
7947 8268
1890 2207
5224 5899
9443 9891
283 430
736 788
8445 9194
1360 1787
7262 7793
2031 2305
8158 8479
4933 5275
1576 1971
7295 7382
7729 8154
3555 3621
3946 4035
9565 9836
2023 2395
9692 9702
4095 4658
8229 8621
2858 3526
9200 9396
4832 4896
7053 7585
893 1484
4392 5015
9273 9794
2340 2813
5970 6263
6426 6528
9132 9779
2137 2476
582 1320
585 1048
9217 9827
2799 3596
7350 8080
6421 6755
1942 2256
7454 7704
2885 3072
5668 5987
5943 6122
6437 6647
8194 8935
2014 2404
1923 2091
1588 2070
5166 5932
9343 9529
6058 6455
4473 5154
3119 3241
8309 8467
2533 2780
5466 5728
5981 6260
6793 7161
84 837
7870 8438
143 801
335 823
7460 7492
818 1601
8294 8850
5429 5855
6940 7610
8626 9025
9172 9425
9633 9905
5328 5461
5785 5895
7997 8086
3987 4378
7358 7944
9605 9805
3612 4047
9661 9804
2230 2669
3758 4455
6107 6349
4246 4834
386 1002
1714 2362
1167 1546
8555 9082
9303 9893
1790 1893
3551 4059
372 828
5768 6052
8726 9163
922 1204
7231 7648
4428 4953
8229 8917
3385 3968
8954 9592
988 1189
8146 8379
6693 7099
8960 8988
3281 3353
3727 4159
6452 7241
8434 9170
8040 8747
4274 4992
686 1003
906 1114
2460 3047
8029 8093
1716 1718
7459 7958
1075 1420
7312 7948
8179 8654
1522 1581
332 806
4841 5294
3745 4177
1577 2139
9107 9506
7597 7615
2418 2955
2693 3361
4435 4873
9174 9578
4119 4183
7073 7346
7698 8418
3106 3810
1139 1565
3914 4577
5274 5310
5767 6235
2243 2387
7434 7518
7060 7176
4406 4749
7225 7511
6259 6642
7847 8339
3525 3617
5658 6265
6834 6845
2216 3003
5311 5425
8611 8741
8147 8374
7502 8208
3642 4436
2910 3614
6257 6508
6402 6920
2664 3204
4 601
3139 3786
7441 8154
6588 7121
680 1394
1025 1228
6877 7663
6487 6606
57 400
8875 9637
8754 9113
5574 5829
5844 5924
3510 3755
3787 4191
5188 5919
9072 9585
9138 9324
3114 3798
1364 2020
919 1285
5582 5714
4091 4315
74 479
49 640
6483 6532
2672 3182
7052 7421
1418 1603
5744 5950
3573 3646
3179 3956
2897 3129
1720 2126
5070 5092
4984 5292
3763 4410
2784 3520
5906 6601
1968 2491
7693 8102
5099 5887
7444 7785
2487 2603
9321 9857
7241 7747
3211 4006
8690 9286
263 1019
2347 2815
8596 8672
1852 2227
5636 6379
3159 3403
8479 8911
4599 5267
4424 4701
8422 8451
3183 3542
2914 3078
6745 7304
2247 2279
4504 5266
1570 2235
4080 4762
7896 8509
2806 2834
6555 7186
4253 4816
587 1062
3441 3877
5821 6115
1433 1924
9291 9731
664 1064
5089 5156
9798 9890
108 906
1315 1409
1202 1632
3037 3291
3198 3986
8441 8987
829 1268
9481 9609
1913 2111
1246 1446
2576 3121
6014 6541
5015 5560
2150 2529
2499 2919
7153 7506
9255 9750
1841 2433
9309 9974
526 1106
6707 7485
2361 2640
2765 3028
1047 1463
8139 8836
4011 4048
4117 4599
4633 4944
4205 4930
6481 7150
1007 1290
2136 2411
3644 3715
1125 1585
8728 9221
2431 2923
3787 3936
4975 5478
2177 2208
4980 4994
8701 8880
7414 7741
5941 6641
1694 2409
2132 2868
6933 7058
5570 5773
9605 9825
7588 7995
7469 8110
2953 3308
4710 4721
5559 6339
1304 1795
2764 2885
6451 6681
7548 8017
9602 9898
1747 2093
2647 3312
3259 3749
3859 4254
1202 1538
6107 6463
8801 9094
2789 3120
1141 1549
9154 9798
7803 8149
9316 9390
8996 9789
3224 3309
1498 2061
4362 5049
7729 7826
7900 8569
6149 6635
8235 8757
8851 9178
1456 1921
7096 7602
2469 3003
8224 8282
8177 8362
8888 9494
6263 6301
4216 4387
193 981
552 831
1361 1940
3992 4132
2795 2837
751 1202
6340 6707
4181 4475
3230 3650
5968 6495
7533 7961
6698 7022
5575 6092
4414 4864
4254 4453
4203 4254
2045 2107
3197 3709
3036 3735
4267 4425
6595 7024
1401 2128
3529 3941
7732 8504
3404 3628
5478 6264
4299 4721
1105 1154
3062 3488
480 788
1149 1571
39 126
2871 3376
9166 9482
6429 6950
9301 9352
4411 4525
3498 3555
1807 1813
1686 2172
4364 4937
2852 3533
4325 4790
4991 5777
320 941
6356 7107
8761 9248
811 1085
5432 5565
1420 2066
5386 5442
6569 6583
1501 1616
7079 7191
9144 9594
6336 6492
6306 6316
95 202
4294 4870
6178 6590
3701 4201
8400 9137
1692 2471
4192 4206
41 243
5353 5722
9618 9990
806 1526
2525 2874
453 883
7644 8363
1926 2668
2752 2973
5371 5518
96 131
5992 6212
1634 1871
2317 3115
8309 8829
5825 6496
5239 5693
7720 8305
8743 9309
3373 3773
9035 9262
6591 6853
9381 9572
5177 5941
1491 2289
1541 1736
6096 6419
956 1495
1978 2474
3572 4103
1798 2083
575 1063
3814 4300
4614 4642
1994 2499
7915 8343
3225 3318
4011 4420
673 898
7390 7713
6019 6465
5744 6491
3087 3252
4061 4826
8880 9226
990 1110
6732 7077
9068 9106
6295 6667
3238 3250
5308 5954
3891 4031
6638 6686
4883 5103
712 728
7270 7934
9731 9942
1989 2430
770 1354
6179 6657
4556 5010
7842 8189
2551 2795
7028 7725
2193 2673
2297 2974
3445 4194
9335 9975
76 120
1793 1956
2836 3397
234 959
2137 2392
1879 2454
6585 7027
5334 5554
9142 9678
7449 7706
1290 1624
6604 7375
5832 6516
4607 5302
7695 7705
5533 6164
7754 7958
6594 7377
5200 5343
867 1123
8072 8380
4276 4358
1124 1307
9114 9381
2236 2682
6054 6790
6818 6955
5379 5687
2242 3004
9436 9702
9630 9889
7502 8209
4165 4271
246 1029
1694 1883
877 1138
8760 9256
6492 7008
3096 3777
1930 2137
6054 6389
607 982
4196 4447
1043 1758
5988 6279
2855 3372
6298 7046
2113 2804
8270 8687
7877 7881
7626 8096
6875 7485
2155 2654
4454 4492
6824 6862
821 1212
386 929
8210 8531
6284 6464
4203 4304
4848 5554
500 635
4749 5388
4792 5117
6780 7424
9178 9900
4579 4953
8423 8568
8985 9515
9260 9820
9448 9495
5859 6291
3109 3639
6217 6238
7530 7784
1984 2753
9655 9787
1737 2136
1287 2046
1470 1570
978 1405
3915 4573
2317 2978
6994 7228
269 510
2867 3624
7609 7794
6875 6893
6531 6775
4568 5116
5117 5274
5929 6632
2542 2663
5272 6072
9167 9779
8847 8938
5160 5939
1724 1786
8039 8796
4336 4527
8518 8745
4737 5355
9574 9985
6329 6759
8637 9033
8009 8148
5614 5657
7573 7776
7474 7510
3748 4518
3968 4251
370 532
850 1648
1964 2246
9391 9812
2717 3284
108 843
1571 1837
1979 2321
4388 4544
476 496
5828 6411
7953 8631
4190 4484
1732 2063
6523 7226
9451 9796
5993 6761
3841 4047
6371 7138
3586 3604
8836 9039
6691 7464
2327 2548
1299 1741
1908 2368
5134 5677
6164 6168
4644 5105
8960 9231
6446 6716
9770 9797
6281 6741
2297 3082
7011 7173
8452 9057
1788 1882
4990 5291
67 472
688 984
3761 4193
2328 2530
3449 4062
880 914
1292 2052
6141 6852
8494 8702
4936 5668
9308 9957
3664 4309
6820 7401
8743 9025
5070 5509
5121 5810
3242 3786
1730 1810
3840 3985
2601 3002
1144 1796
5236 5897
6839 7038
2135 2887
8482 8846
5134 5675
7233 7534
5633 6012
7590 8368
9608 9678
1970 2451
1470 2117
5575 5774
759 1286
4568 4913
4384 4855
253 718
927 1326
6227 6754
3946 3988
6801 7322
9637 9823
3881 4291
8965 9481
7643 8162
6437 6747
3581 3599
5200 5438
4814 5089
2727 3135
6793 7506
7914 8148
4613 5017
866 909
3335 3660
8721 8766
5517 6082
8630 9033
8497 9150
9223 9622
1683 2169
7514 7619
5072 5184
3894 4097
7205 7688
1753 1980
5725 6134
4549 5001
1891 2201
4917 4942
1005 1288
402 509
4006 4179
6459 6702
9241 9668
6965 6974
2057 2496
7769 8360
4550 4936
1743 1961
1711 2259
1217 1324
6329 7056
53 289
5878 6481
2932 3537
2480 3219
3441 3842
8024 8249
9217 9513
3727 4387
3561 4181
4673 5185
9070 9455
434 611
712 963
939 1055
876 1453
2397 2504
8979 9180
5964 6710
9352 9997
9306 9961
9163 9674
6882 7184
5767 6488
2015 2384
1088 1230
1708 1776
13 302
1620 2334
3685 3885
5589 6055
2505 2537
4969 5467
3089 3730
7967 8067
7989 8256
6012 6536
8353 8793
5896 6235
3673 4437
2879 3455
644 1290
4805 5117
6199 6931
9400 9988
9352 9771
4447 5116
6481 6907
2772 2782
5294 5978
6885 7631
348 651
1128 1853
6816 7010
4889 4998
1749 2312
4261 4970
6657 7413
2180 2436
5066 5070
9508 9539
7203 7866
135 592
7434 7976
6394 6530
662 798
1945 2155
147 284
6450 6679
4357 4858
7352 8046
5669 6450
8242 8282
8297 8368
6276 6305
2050 2733
560 879
5543 6281
4292 4927
5311 5775
7498 7641
2097 2300
7827 8141
3695 4012
137 675
2102 2297
3134 3306
1449 1877
3693 4389
7730 8248
8172 8504
6103 6650
7495 7823
4934 5349
6179 6463
3922 4392
3080 3517
9668 9915
265 855
4409 5169
24 121
3310 3895
9373 9643
9351 9408
3892 4325
2397 3191
9145 9789
1700 1912
1306 1669
308 489
7456 8147
692 896
53 584
1262 1439
98 428
620 1352
6681 6840
491 1152
1468 1627
1291 1708
8706 9194
6323 6610
8708 8998
601 1136
7045 7344
1501 2143
6205 6596
6283 6326
2264 2782
9193 9856
8178 8917
5982 6044
2407 3200
4733 4962
2598 2960
2202 2899
3187 3237
631 818
3919 3993
3578 4039
8427 8831
5018 5534
6863 7472
8229 9015
5607 5746
7276 7550
1090 1275
2073 2384
7151 7200
6853 7298
2894 3349
7064 7740
2137 2239
4964 5759
4591 5142
6481 6528
5053 5658
7612 8330
2812 3220
175 328
6904 7409
1723 2041
5462 5817
3794 4560
8077 8347
7211 7862
847 1356
4453 4800
3959 4007
5051 5609
5142 5310
112 630
1452 1680
1398 1679
104 666
4831 5316
1439 1860
1352 1716
2914 2960
4341 4940
9334 9631
9923 9972
8480 9062
3848 4529
3243 3322
3755 3954
992 1321
1778 2217
3565 3865
373 556
3192 3773
1653 2190
7167 7831
3703 3836
4390 4392
3257 3538
710 1330
9180 9809
5920 6331
7834 7879
3549 3647
3984 4758
5508 5626
7501 8115
7580 8040
2394 2934
7515 7916
522 633
7466 7719
1054 1717
869 1519
89 777
7611 7745
9140 9177
492 619
6875 6945
532 840
2386 2751
7282 8051
5481 6011
7716 8263
8203 8274
8192 8930
5041 5237
8518 8816
693 1136
8585 8770
3060 3274
9464 9979
4315 4691
6339 6704
7353 7813
9287 9515
5167 5472
751 950
3389 3706
126 368
2683 2792
4171 4172
2210 2973
5782 5807
1887 2506
7708 8440
1750 2078
4788 5102
3496 3552
1267 1990
9229 9622
3093 3142
8876 9011
3861 4461
5280 5477
8335 8426
721 947
4277 5066
3191 3657
39 716
1445 1829
1867 2440
7637 8114
6170 6386
7109 7899
6893 7434
2997 3492
9587 9662
8789 9502
8901 9649
2059 2319
1410 2021
2871 3168
2626 3164
4128 4875
9423 9898
1094 1352
5812 6595
4629 5030
3433 3661
1197 1569
5009 5086
8392 8762
3745 4080
7117 7853
3353 3493
723 800
5982 6175
3424 3827
4214 4765
8685 9365
4411 4669
8001 8633
1455 2055
9586 9786
7276 7783
7917 8530
1968 2287
3566 3698
645 1132
5832 6218
6449 7108
8223 8923
13 65
94 176
5051 5579
1389 1585
8407 8416
997 1255
2361 2599
631 740
5343 5850
2574 3187
5605 6215
8776 9336
6804 7508
449 488
6525 7278
976 1683
6682 7296
234 325
2927 3265
586 1290
2244 2500
1416 2205
1621 1811
2251 2604
7989 8424
4397 5163
5070 5528
7638 7777
4957 5557
3899 4541
6447 7121
1458 1515
8215 8237
3605 4145
4157 4873
3964 4654
4766 5012
8028 8594
2661 2749
4183 4640
9696 9852
76 533
6457 6507
3405 4077
914 1469
9060 9237
2390 2617
2936 3138
3275 3481
5773 6136
6839 7032
2043 2542
8356 8490
99 769
3142 3411
7518 7946
8236 8667
7328 7615
2895 3472
3588 3796
8215 8801
1161 1816
9014 9196
321 358
4050 4659
5800 5951
5030 5501
3652 4227
8906 9510
1194 1351
6940 7724
7703 7760
1636 2178
5897 6669
1312 1444
1297 1678
2891 3443
553 826
431 924
2043 2756
844 1347
238 366
7594 7668
1570 1685
8937 9439
6956 7397
3847 4550
5444 5929
3414 3491
5481 5889
3801 4171
5452 5827
5316 5542
7665 7845
2691 2741
2670 3368
4431 5142
5378 5612
7973 8251
2244 2811
8367 8491
4144 4277
4157 4456
3397 3867
3052 3056
4678 5218
7474 7585
7536 7734
1243 2003
6459 7056
7341 7656
4685 4902
6651 7348
8477 9099
5616 5782
6281 7041
8732 8778
5714 6071
1520 2118
2496 2814
1779 1946
4068 4192
4094 4101
885 1295
308 1105
9188 9639
6278 7023
4940 5552
3637 4222
2557 3282
8041 8635
5304 5405
4733 5426
355 491
3229 3243
5313 5816
8706 8823
4549 4862
147 363
6999 7560
1911 2102
831 987
7343 7712
3265 3998
1297 1600
3879 4501
115 633
8995 9604
5044 5615
8146 8465
4838 5307
3676 4285
8068 8374
681 1428
1292 1744
5358 5817
3258 3394
1942 2610
6402 6803
507 1291
8739 9317
2302 3011
2959 3079
8629 9347
9603 9806
2270 2551
2814 3442
1234 1374
9517 9963
264 629
8987 9139
3966 4478
2957 3598
4 465
87 252
482 799
425 689
1908 2671
9193 9731
1442 1503
3717 3802
447 741
4433 4809
4047 4281
6002 6418
6187 6811
3834 4263
7618 7732
7014 7731
196 241
6135 6604
6844 7167
3585 3618
4605 4999
8814 9403
5263 5648
2557 3337
1617 1821
4243 4849
1935 2273
6140 6492
8983 9424
5345 5636
1180 1752
9129 9713
7441 7567
530 705
727 925
6135 6585
8294 8426
7934 8036
7154 7408
4423 4488
6636 7337
1710 2301
8033 8368
4036 4147
2490 3228
6824 7514
5248 5902
4357 4655
6825 7441
6985 7637
7385 7653
5684 5778
2146 2744
6203 6219
4368 4730
280 830
7052 7281
2915 3314
8961 9120
2366 2464
6336 7085
2906 3576
2391 2995
4593 5226
2156 2609
7981 8008
8239 8711
2261 2595
3255 3403
1814 1818
4127 4823
9618 9932
5830 6543
6788 7399
1096 1698
5350 5800
6779 7458
7014 7229
581 660
7654 8119
5414 5844
8672 9344
5354 5514
5941 6357
3766 3992
8697 8914
9886 9959
8787 9489
8146 8847
288 910
5636 6016
1039 1702
70 439
6041 6175
9187 9224
2385 2597
3066 3361
9148 9235
6343 6465
5592 5953
1469 1596
2623 3314
1574 2205
7281 7969
7648 7783
6826 7495
7605 7709
9122 9569
4731 4901
2912 3013
1298 1337
784 1038
7762 8291
6942 7129
9603 9966
7161 7939
5247 5671
3930 4465
4196 4197
6966 6977
5741 6158
9117 9680
3778 4554
3568 4016
951 1301
5438 6094
3065 3676
8632 8863
8461 8849
5896 6688
1112 1405
6171 6562
4237 4893
4865 5103
5258 5927
3943 4459
4895 5091
2956 3223
2771 3209
2285 2666
4013 4558
3059 3561
5893 6686
4665 5188
1157 1418
3573 3850
8207 8244
3376 4129
2402 2579
4755 4999
1471 1545
3300 3972
4986 5600
8175 8609
2467 2882
1584 1964
4652 5001
1225 1343
4825 5127
1921 2653
7561 8146
893 1535
3842 4483
3655 4127
1422 1492
2955 3695
2085 2286
7224 7680
7607 8256
6156 6264
8937 9427
5630 5898
5319 5853
429 958
6176 6636
712 1021
6023 6332
5015 5344
4771 5113
1243 1276
6760 7342
7571 8368
82 302
3760 4125
9602 9924
3396 4116
9259 9818
8181 8933
419 1001
6075 6862
5359 5375
4418 4666
113 327
7696 8020
178 900
7275 7320
487 1126
9626 9720
4383 4528
4296 4973
5482 5970
210 505
7753 8493
6618 7046
3674 4288
6014 6473
2547 2816
1939 2072
7155 7421
8484 9217
1982 2504
326 995
68 83
6974 7529
6850 7182
8144 8383
26 62
4381 4676
1374 1963
8433 8514
650 1315
6906 7095
3730 4468
7594 7933
960 1198
4069 4495
7264 7374
4257 4617
1733 1796
937 1426
3826 4233
2973 3395
4520 4806
7694 8203
5126 5528
1 399
588 835
3101 3698
440 852
2465 2541
7865 8417
9629 9803
818 1224
3402 3731
2389 3116
8820 9056
9786 9864
1115 1859
157 416
6632 6754
8054 8657
3218 3709
69 205
6113 6703
2819 2992
5463 6178
6684 6979
3144 3425
1210 1876
3868 4142
525 1213
2342 2418
9322 9557
3092 3401
8258 8944
6655 6919
3442 3877
3201 3638
8111 8491
8743 8888
2122 2346
9076 9331
910 1486
6014 6734
4406 4937
2953 3447
1529 1737
6040 6789
9263 9839
197 245
3922 3995
8362 9059
5342 5642
5290 5827
6713 6831
6917 7514
8108 8243
270 402
8390 9041
7004 7393
6531 6776
7580 8210
5174 5551
1221 1417
9220 9769
8801 9462
477 1164
3186 3618
2991 3613
116 334
9691 9847
3320 4117
2647 2855
7833 8593
6714 6805
6694 6751
2867 3538
3681 3884
3661 3759
487 562
3480 4060
9290 9406
8689 9233
7058 7079
5651 6142
9167 9271
956 964
5410 6073
8584 8750
5115 5886
2606 3227
2670 2882
6560 6761
115 632
2309 2353
9026 9447
2627 3053
2747 3388
933 1466
7356 8023
5526 6243
1149 1254
164 325
810 1206
8176 8581
6219 6844
9244 9877
6878 7232
879 897
9054 9103
5369 5640
6479 7279
1896 2234
8574 8816
4210 4795
3191 3463
9574 9994
6940 7317
6987 7050
4917 5356
6770 6803
462 1120
8189 8513
2016 2357
1804 1983
2716 3287
7451 8099
8065 8519
3479 3670
1392 2096
4919 5582
5636 5852
7141 7668
7416 8058
8143 8154
3129 3496
2656 2686
998 1063
2394 2945
4903 5331
8165 8962
6399 6867
5335 5848
4742 5288
2389 2894
1198 1547
4938 5657
7074 7539
3024 3429
5832 5884
5492 5830
2305 3074
1036 1228
2952 3032
8088 8446
857 1576
7951 8275
7767 7772
8474 9081
2953 3092
9178 9273
8028 8211
4485 4944
7215 7733
7029 7561
4979 5146
8491 9194
6663 6728
6769 7386
4441 4753
6069 6536
5576 5678
8112 8226
1859 2291
4710 5043
7571 8196
2176 2604
3637 3711
1456 2094
1299 2002
2085 2712
6636 6825
7215 7770
5757 6079
4564 4753
5590 6043
4383 4715
1279 1965
3863 4431
502 784
1105 1462
9202 9722
8616 8980
7272 7656
6278 6882
7628 7798
4835 5346
4116 4686
842 1046
932 966
2808 3331
2635 3075
1793 2572
7730 7891
8915 9690
6556 7070
2744 3015
2802 3229
4728 5422
8001 8396
3680 3865
4786 5410
272 375
4421 4592
4466 4841
7404 7767
9156 9955
1257 1933
1129 1825
5791 6145
3415 3793
630 1423
5173 5411
9266 9295
241 723
7836 8189
3040 3740
770 1228
7286 7876
1125 1368
5671 5812
1697 1920
4144 4360
2948 3287
6949 7216
7077 7122
4110 4414
4460 5105
5965 6640
1851 2517
8329 8601
1221 1673
8390 8670
7689 7735
860 1002
4498 4733
1316 1697
2432 2643
4826 5079
2772 2882
2391 2692
3224 3789
6888 7013
9122 9577
4493 4898
6063 6451
2485 2819
633 648
2280 2874
7788 8152
1748 2190
766 823
9516 9783
8226 8471
1730 1932
2883 3285
8543 9170
2662 3329
5544 6342
8853 9617
9387 9412
1691 1916
6300 6963
4548 4613
1356 1512
164 413
828 1239
7581 8303
8175 8510
4497 5265
2603 3045
2457 2538
2482 3218
3236 3530
1295 1781
1932 1985
99 245
951 1404
6682 7228
7174 7509
1466 1662
2366 2371
9426 9728
29 779
7796 8574
3661 4293
1643 1811
7962 8422
517 1101
463 1147
6739 7238
8629 8776
7626 7747
2898 3133
1773 2185
5713 6214
8037 8336
7709 8336
8687 9396
2446 2958
1756 2446
9139 9520
717 1016
5253 5267
3120 3908
7289 7314
4690 5350
5365 5779
6157 6699
3030 3104
2223 2861
9495 9992
2592 2920
9212 9515
8291 8391
6865 7037
2623 3122
5522 6280
8750 8756
97 454
9720 9758
1356 1978
4969 5689
4341 4896
881 1045
8171 8532
6481 6920
4475 4653
9283 9327
3750 4179
5769 5895
3109 3651
6789 7328
6958 7149
9142 9452
4372 4883
5971 6220
346 929
8406 8528
652 1044
2528 3084
3759 3934
248 267
8743 9053
5409 6144
281 529
2910 3310
5893 6276
7697 8247
4354 4483
8183 8408
2255 2709
3550 4193
6064 6571
7622 8358
7347 7894
8470 9051
8898 9659
7782 8310
1574 2274
9175 9313
1300 1596
8506 8825
3524 4128
7175 7632
4007 4391
4294 4659
7705 8266
3041 3276
6819 7313
3421 3489
1431 1846
5321 5720
9480 9544
4016 4357
5501 5806
6036 6322
2887 3600
2339 2855
8670 8931
3594 4342
513 751
2185 2848
8788 9292
2338 2701
5601 6113
500 919
6730 7076
528 953
7448 7580
6036 6556
8401 8985
2881 3387
7773 7821
4551 4608
4390 4849
7753 8296
380 828
738 1273
5181 5229
1500 2173
5804 6029
4888 4906
8144 8928
6319 6615
8454 8591
4267 4662
4359 4397
1592 1827
1885 1900
7772 8262
2411 2817
1280 1963
7850 7950
3330 4075
981 1763
1657 2131
8267 8397
6700 6841
7246 8020
6888 7221
1549 1787
2839 3235
1881 2065
199 539
4565 5094
9034 9140
9203 9451
9721 9930
1742 2156
5670 5941
6297 6842
3112 3885
8397 9194
29 375
7926 8481
4042 4090
5909 5983
6861 7191
1663 2221
9229 9960
8600 9296
3674 4152
7357 7438
93 770
5005 5472
9230 9893
9086 9211
4727 4910
1202 1524
2552 2580
273 739
6944 7406
7592 8310
3054 3646
450 1181
143 161
4167 4588
309 845
7743 8003
3377 4047
3167 3944
7523 7789
2528 2546
3651 4427
3894 4550
3813 4178
7928 8601
1016 1277
2577 3342
9313 9637
4978 5551
9192 9664
626 726
4591 4784
879 1627
9320 9838
7027 7535
3647 4321
6745 6852
2125 2343
8977 9239
4726 5487
2008 2679
9310 9838
9330 9340
2525 3069
1299 2025
7132 7502
9106 9410
7696 7820
6043 6529
5315 5651
5488 5627
9109 9495
4471 5140
9168 9675
9100 9206
2320 2945
5423 5933
8337 8381
2296 3060
7668 8399
1953 2104
9318 9679
4333 4794
6352 6762
9367 9769
5359 5503
181 319
8447 8781
6966 7136
4707 4777
3306 3314
354 946
3702 3743
9422 9646
1735 2117
2672 3255
6357 7028
3622 4398
8159 8184
8984 9715
6514 6890
91 371
906 1361
7176 7807
9647 9978
8769 9158
6786 7314
5521 5541
5443 5723
7109 7855
5424 6173
2368 3063
6742 7529
3 677
3284 3768
240 882
1517 1772
4784 5247
6769 7089
5801 6180
3161 3227
5934 6419
6634 7365
5307 5436
78 500
6752 7237
6072 6635
6317 6610
2325 2719
7028 7181
5249 5794
3442 3730
8695 8816
6789 7499
9342 9977
8069 8196
5514 6270
7864 7893
2148 2880
7283 7385
2187 2556
88 177
256 1045
6736 6758
2934 3436
2135 2153
9736 9912
575 827
3290 3350
4583 4999
2903 3360
10 522
9048 9206
9474 9631
6145 6193
7808 8223
700 1358
2893 3386
9264 9399
2264 2529
289 1014
5391 5505
5319 5430
595 643
6746 7419
8393 9106
4761 5474
3503 3521
7511 7636
172 650
2718 3472
3404 3777
2963 3324
782 892
8989 9357
898 1051
7372 7396
7662 8271
3383 4105
225 230
3851 4092
4028 4517
7596 7629
4056 4480
3661 3928
2314 2449
7975 8539
5524 5542
8641 8993
773 776
88 697
407 578
4434 4963
9646 9711
5828 6027
6153 6541
8657 9220
8786 9032
4399 4710
2658 2766
8647 9372
6678 7284
8994 9007
8315 8775
4215 4418
8153 8230
7519 7943
8646 9350
1992 2227
6188 6601
8694 9310
6483 6817
4616 5118
9786 9966
5267 5909
3800 4507
8502 9147
3922 4113
7041 7260
916 1149
568 827
4737 5308
8549 9082
6421 6551
3434 3558
7971 8466
7590 8325
3014 3124
732 1322
8009 8726
5601 5874
6876 6914
658 912
6662 6678
6790 7462
6674 7343
426 717
6692 7090
9400 9746
2455 2683
1424 1733
9688 9746
6342 6846
7042 7688
3160 3294
5074 5475
3024 3816
8313 8859
5264 5296
3146 3251
1654 2214
2296 2529
7801 7802
334 963
5551 6117
7082 7241
1257 1850
3588 4127
8168 8820
8637 8665
8127 8735
303 928
6699 7208
5699 5803
5982 6637
4234 4824
9484 9831
4268 4932
3867 4412
1761 2303
8382 8696
3931 4177
8325 8359
3079 3756
5333 6082
2596 3196
8377 8613
2161 2272
8 169
2185 2569
1938 2440
5854 6466
5912 6174
9283 9801
6014 6314
6683 7189
21 123
4534 4638
1361 1408
5664 6206
893 1268
6154 6683
5804 6150
2012 2210
4597 5194
932 1591
8414 8463
7647 7891
6580 7334
8398 9185
9764 9954
4079 4415
5824 6273
8198 8890
4969 5614
7303 7536
5184 5754
253 510
3958 4324
6790 7540
12 699
7296 7876
2546 2683
983 1407
4501 4924
91 841
3064 3594
7805 8012
9126 9513
9710 9932
6810 7525
1550 1878
5092 5437
321 1078
5738 5959
2478 2999
4869 5406
3845 4163
8852 9539
3105 3404
64 176
7642 8374
2824 3495
9872 9909
2415 2705
2318 2968
9808 9894
5288 5591
4044 4210
4741 4788
2600 2722
6951 7649
1878 2494
6882 7434
4760 5556
536 807
1621 2247
2400 3143
3173 3873
502 1140
2690 3472
2043 2306
8593 8785
4733 4808
9582 9739
6678 6782
5834 6204
3002 3449
2847 3312
6237 6517
7653 7893
276 341
81 131
7188 7419
5949 6005
1062 1189
3749 3826
9 167
8800 9208
8016 8143
4389 4557
87 310
4703 5040
4292 4771
5381 5770
296 507
8308 8488
5622 5705
2248 2687
4426 4565
2138 2674
9715 9869
3335 3455
6406 6441
4581 4969
3034 3423
5551 5962
870 976
5734 5993
9441 9470
6577 6688
9718 9941
8712 9311
7128 7732
6238 6985
7171 7242
454 1215
3647 3782
9837 9875
7901 8543
408 814
3803 4042
2101 2390
855 1460
1690 2333
4192 4900
462 1023
6305 6516
1013 1745
8232 8892
7126 7452
8745 9247
9149 9648
6717 7117
2918 3259
7581 7774
2209 2878
3146 3385
4041 4428
4871 5079
3356 3432
2400 3101
4183 4257
255 738
1088 1760
8368 8788
7843 8446
1662 1929
1934 2159
8 629
7281 7629
1937 1993
2418 2538
5498 5660
6584 6844
2603 2680
668 1032
3287 3453
9327 9437
2346 2421
7308 7542
2926 3430
1215 1651
6064 6335
4665 4904
68 431
694 1219
3685 3924
5440 5702
6464 6802
59 558
3666 4255
4510 4624
9304 9933
4101 4225
5280 5883
6962 7242
138 143
7927 8632
9411 9511
2 357
403 909
2464 2959
9575 9803
2176 2810
1684 1792
2537 2719
7162 7680
4715 5126
8597 8965
510 556
7294 7416
8538 8664
4648 5448
793 1189
1959 2406
2421 3022
177 966
2710 3199
3175 3255
2764 3000
4238 4500
3207 3525
8663 9198
3995 4784
4306 4640
3127 3655
3077 3462
226 414
6362 6753
7149 7706
4126 4879
8351 9148
8184 8583
2711 3070
1056 1657
2148 2605
304 919
3072 3090
331 442
5783 6296
877 1108
4747 5198
6567 7227
2664 2706
4931 5620
4303 4377
4439 5218
8848 9379
4727 5114
6976 7199
5344 5810
7454 7639
9503 9837
6151 6790
1445 1825
2080 2154
1270 1358
4646 5409
7880 8502
8549 9330
7832 8092
342 762
6805 7406
1264 1873
968 1701
4581 4908
5496 5909
519 665
2152 2441
2694 2981
1822 1929
3800 3955
9420 9594
8554 8911
5221 5252
2207 2291
6393 7022
4793 5393
6734 6840
5904 6017
3477 3859
5885 6540
9682 9885
881 1471
9523 9746
7049 7142
4486 4798
4025 4523
4434 4574
4922 5204
9391 9907
3125 3345
3925 4515
75 354
4091 4374
7578 7958
4663 5172
3870 4442
4750 5172
2879 3509
2537 3036
5618 5932
1184 1946
3179 3389
1115 1233
1028 1506
6125 6650
4970 5286
2784 2879
6157 6254
7865 8048
2127 2355
7544 7825
5372 5793
5009 5015
3954 4110
5268 5297
3337 3927
1577 1631
1274 1588
4265 4482
3973 4137
3752 4361
270 428
4682 4789
2049 2826
266 687
6855 6997
3850 3919
448 658
9861 9986
1093 1724
7574 8097
1369 1410
4987 5448
908 1609
4502 5062
7764 7810
6399 7177
1366 1808
8680 9187
3713 4110
2791 2914
952 1336
2555 2780
7561 7894
8781 8862
3724 4244
8745 9532
6703 6713
2113 2540
6675 7315
1780 2100
3503 3540
1351 1809
4400 5095
7538 7861
4417 5141
3231 3709
2986 3273
5508 5631
1513 1554
3090 3536
7280 7813
8195 8208
703 804
5669 5872
8344 8992
5213 5817
5691 5927
7999 8447
7947 8292
3034 3394
455 1052
293 779
1334 1491
3951 4123
8659 8708
5220 5644
1347 2131
5902 6558
2819 2997
195 263
7864 8513
2015 2515
9548 9655
7982 8208
357 1075
2584 3292
9845 9849
8652 9378
14 771
3829 3914
4253 4662
447 1170
9397 9666
123 687
5006 5742
7430 8099
1984 2186
6835 7019
1749 2222
4608 5022
209 1005
6896 7599
4252 4284
6707 7122
266 342
8398 8855
914 1313
263 587
1301 1622
9328 9800
8195 8212
8472 8885
9564 9751
8593 8779
8925 9431
5343 5933
2470 2474
9079 9729
413 509
8121 8258
6981 7737
8838 9350
2563 3265
4733 5345
2953 3177
33 785
7869 8506
5220 5788
2190 2809
7805 8082
1723 2451
507 579
766 1154
3359 3747
46 519
2675 3317
6470 6670
6690 7436
1948 2272
4527 4591
152 338
5545 5925
7152 7461
5784 6542
1316 1646
5873 6383
7626 7937
8551 8815
122 611
2488 2948
8048 8092
800 912
5224 5861
8720 9249
9190 9931
7378 7609
4742 5386
3475 4215
7582 7590
8954 9553
9552 9949
3710 3804
9246 9667
3334 3952
3066 3554
2526 3222
4394 4771
3857 4323
5997 6260
9112 9761
3322 3398
7524 8317
6763 7362
3498 3656
2705 3128
9622 9719
1693 2201
2108 2303
3536 3743
5618 5968
5730 6398
5930 6343
1079 1187
775 795
9089 9596
254 657
8355 9000
8780 9478
1036 1058
7271 7697
8335 8705
2818 3511
1974 2671
6931 7723
7445 7521
6391 6648
4580 4894
4016 4569
2175 2297
8043 8765
7177 7901
9128 9204
4149 4326
8880 9556
1976 2447
9396 9423
9010 9595
109 220
359 921
5771 6122
5307 5585
8212 8818
6242 6395
5337 5797
7861 8026
1015 1221
6585 7251
4084 4745
4114 4664
2803 3373
1344 1990
8852 9460
1807 2321
4157 4456
7686 8458
5018 5708
5663 6204
808 1524
1402 2047
9540 9579
7459 7863
6977 7731
4797 5501
2851 3334
7749 8023
5633 5918
676 943
8218 8884
1390 1794
5019 5542
1012 1283
7852 8251
1708 2496
6050 6740
6195 6596
815 1252
4350 4569
9301 9896
4568 5311
611 787
7969 8635
8539 8744
7283 7872
3286 3390
1532 1592
1418 1650
1953 2479
1241 1329
6434 6701
2707 2920
3287 3681
9178 9626
8355 8703
4770 4790
7492 7495
8749 9249
7416 8078
5071 5663
2697 3123
6264 6978
4656 4932
2254 2390
3357 3817
9306 9834
1182 1687
364 978
3357 3403
2733 3045
8022 8664
5286 5591
7874 8032
987 1720
1295 1608
8583 8683
1741 1963
5072 5094
177 179
8545 9238
2533 2739
7754 8180
1621 2299
23 243
6613 6690
4475 4983
1390 1956
8448 9161
8920 9628
1449 2045
6437 6562
9833 9966
539 722
4698 5350
5131 5184
3029 3373
6896 7045
758 1544
5903 6593
2065 2680
3540 4294
7233 7652
6652 7207
1197 1575
3149 3718
7073 7493
8936 9376
9155 9481
7453 7579
7203 7518
8689 8733
8364 9132
3824 3921
3281 3356
5710 6026
8219 8891
2828 3424
9105 9515
3286 3808
7948 8182
447 464
2131 2407
7502 8209
5668 6421
8374 9131
7152 7446
2517 3213
2468 2559
712 1303
5978 6455
2684 3432
9499 9846
7406 7621
8464 8915
139 726
1346 1616
6142 6853
29 762
5730 5982
7628 8347
5258 5293
4045 4266
4925 5695
477 485
128 153
3037 3111
6706 6928
186 415
524 971
7766 7948
718 768
8830 9501
7478 7841
7715 8173
7982 8477
6514 7138
7855 7884
9366 9532
5629 5997
4401 5143
6710 7446
4502 5159
6374 6987
9625 9778
137 893
3463 3903
4862 5132
4281 5003
5899 6133
7158 7181
363 728
9296 9916
5465 6253
500 1024
2719 2873
1309 2073
6970 7325
2831 2895
3786 4457
6233 6341
1832 2383
4987 5304
3661 3772
8307 8873
6969 7040
2370 2545
6479 6967
6190 6826
1300 1385
5324 5547
1553 1832
6937 7731
5328 6086
8748 9495
3205 3809
3174 3490
4133 4159
3921 4113
5922 6155
5316 5326
3777 3811
5906 6491
2995 3517
4437 5102
7119 7900
3711 4038
8336 8602
9190 9750
5119 5294
8059 8639
6479 6878
2192 2511
315 943
4644 4896
3691 3790
7915 8414
7205 7545
1650 1659
2788 3158
8289 8545
6939 7307
1569 1645
319 926
4510 4985
3549 3832
6807 6852
1110 1753
6 88
1632 1729
2547 3016
2998 3548
7892 8189
549 703
3478 3744
588 828
9316 9569
1642 1697
5476 6007
4141 4205
4056 4574
2901 3537
7393 7797
1745 2417
9218 9263
3853 4642
7394 8007
2475 2853
2148 2350
2616 3360
1587 1732
9290 9349
3464 3525
2920 3705
3316 3776
8565 8764
1190 1821
2852 3130
4206 4802
3113 3848
1233 1845
4906 5519
3419 4000
481 963
9264 9881
1391 1460
3557 4123
8895 9121
8032 8270
2669 3461
3042 3636
4410 4511
7818 8192
8980 9382
4906 5010
8069 8648
4382 5121
7931 8001
9005 9452
8801 9473
4777 5155
8003 8298
8508 9196
8725 9249
2059 2062
6680 7271
6458 6897
3980 4559
2163 2574
6909 6967
8415 8661
8674 8832
7877 8067
202 604
4074 4584
3492 3933
1117 1567
9020 9601
5002 5035
5285 6080
4961 5159
352 406
5415 5942
4534 5292
556 802
4651 5200
714 785
3698 4378
9323 9573
7629 8038
3396 3848
7266 7934
9415 9552
5796 6420
9682 9953
3720 4241
5772 6345
8060 8290
2002 2278
7105 7260
4145 4383
9660 9980
308 480
2996 3035
1328 1440
9073 9478
699 1178
9594 9668
4503 5117
91 704
806 1318
7812 8042
3613 3907
8938 9230
8695 9088
7414 7893
7274 7658
9612 9730
6740 7454
2283 2707
4187 4359
7375 7656
3693 4489
1331 1462
1082 1436
7829 8562
4123 4794
802 1510
7901 8681
8502 9021
8694 9439
8614 9284
6629 6639
6541 6962
7581 8190
720 1128
6922 7722
4770 5535
8968 9399
3286 3408
7038 7734
4142 4637
5867 5979
1944 1945
6002 6774
9762 9765
7460 7678
664 740
1193 1861
8620 9084
2971 3603
7575 7729
7886 8578
2213 2445
9150 9917
108 539
4301 5040
4114 4780
6730 7129
7016 7536
8861 9252
969 1526
8531 9310
6509 6952
9089 9536
2059 2566
1625 1825
5548 5573
1570 1834
1846 2234
631 812
9226 9580
5039 5143
4694 4782
7231 7738
9605 9677
2862 3270
7859 8030
6684 7310
3258 3717
882 954
4057 4287
3362 3952
6972 7050
3305 3936
3130 3291
3454 3876
5963 6135
6589 6743
3201 3424
8036 8423
4157 4215
7038 7152
1136 1693
68 717
1776 1882
5228 5547
1274 1557
368 580
3899 4162
9535 9642
661 930
5439 5970
48 316
2573 3136
5379 5810
1491 1627
6491 7190
3283 3531
3749 4308
3778 4367
7929 8391
7941 8611
1361 2087
724 765
7680 8307
8734 8964
1185 1454
5972 6127
9244 9671
4573 4748
7481 8120
6497 6684
6254 6381
6217 6384
9825 9940
4145 4337
8096 8104
1475 1993
4285 4530
5836 6611
6003 6253
6661 7091
3391 3636
5700 6401
3492 3595
3655 4324
8090 8120
5283 5927
6046 6585
3212 3932
2909 3549
9045 9079
4274 4722
6026 6721
12 300
1319 2007
7960 7980
142 637
6626 6912
2512 3251
3290 3636
6501 6781
3069 3425
4992 5687
2752 3237
9746 9897
4354 4797
2608 3270
5282 5840
8311 8431
270 364
9018 9076
4052 4769
2572 2787
4896 4953
4843 5597
6175 6471
5484 5839
8835 9417
7846 8305
3794 4056
8731 8844
9253 9626
4084 4289
4177 4355
3524 3620
5444 5774
8381 8900
716 922
7100 7420
140 317
5611 6034
9061 9173
4984 5317
7043 7119
2137 2601
3513 4047
2313 2368
7830 8596
2281 3051
9244 9352
9817 9885
8862 9070
6840 7135
1314 1400
5300 5850
3041 3500
7760 7942
960 1605
1691 1711
3642 4407
8463 8661
4771 4941
3355 3622
5581 6343
6970 7066
1748 2239
2864 3288
3121 3830
2523 2825
2340 3036
5871 6210
9102 9311
28 774
9496 9624
4784 5044
2214 2960
8564 8668
282 411
2669 3188
3132 3509
6241 6868
3489 3574
4896 5427
6366 6755
1839 1923
5609 5766
8850 9204
7631 7716
8865 9562
4866 4950
3086 3852
4162 4168
2414 2990
1884 2122
39 751
9425 9974
1330 1391
7476 8061
7174 7651
9295 9523
5571 5603
4771 5352
1909 2333
8687 9174
5732 6166
937 1537
3553 4206
6327 6963
2232 2614
8580 8833
3607 4042
617 1085
4330 5050
2733 2840
4659 5016
7393 8083
4012 4271
9063 9441
4675 5049
3871 4101
9084 9411
784 1013
8460 8559
4879 5443
932 1606
6017 6345
5635 5765
5007 5362
9308 9639
3988 4410
6527 6647
8510 8861
6192 6513
3976 4516
2789 3358
1636 2332
8862 9371
9415 9597
5400 5837
2050 2131
3064 3170
4999 5578
4230 4440
9508 9903
223 560
255 956
4928 5224
9092 9796
5970 6649
9279 9742
8951 9238
6905 7168
117 477
3500 4232
1149 1282
8645 9008
2395 2588
1919 1991
1894 2041
6022 6215
7556 7567
6767 7338
1373 1446
5785 6255
2649 3361
766 905
2768 3206
6895 7198
9021 9276
8332 8379
3368 3382
2967 3016
5825 5848
7265 7997
4095 4323
1197 1872
6060 6657
216 232
6351 7056
7718 8001
5539 5786
9714 9805
3778 4095
7111 7618
3356 3838
739 1275
3309 3393
6940 7389
650 1232
2729 3116
8690 9411
2492 3273
275 985
2969 3152
7750 7776
6472 7222
5366 5525
2464 2979
7784 8391
8677 9376
8869 9539
3356 3698
1850 2240
3803 4495
1298 1416
3242 3412
5584 6177
4775 5288
4595 4961
2863 3122
4215 4773
2793 3040
4058 4261
1040 1624
5339 5881
2218 2904
1975 1985
2740 3100
7910 8120
8893 9403
8033 8632
2003 2188
2429 2928
4420 5040
8375 8781
102 690
6355 6978
7260 7360
9413 9661
210 231
4335 4997
6535 6682
2389 2990
8210 8921
36 200
8744 8834
722 951
8202 8723
7515 7855
2826 3254
2076 2251
4861 5075
6515 7153
6102 6468
2276 2508
1568 1717
5613 6031
3088 3364
9923 9996
3690 3714
3099 3438
6499 6830
8303 8775
4356 4448
8805 9119
9782 9854
4899 5453
7139 7221
2115 2207
5310 5842
5668 6027
4410 5189
7299 7377
3862 4485
308 358
3559 4150
4382 4667
230 954
5913 6238
9151 9739
2486 2655
972 1277
4716 5139
6016 6611
9553 9605
9248 9881
374 589
4316 4640
5848 6574
6888 7391
98 720
5095 5532
4813 4991
9550 9666
1330 1765
5279 5311
2052 2629
6363 6416
5998 6320
312 350
7857 8475
5880 6381
6063 6601
5870 6215
1962 2253
3086 3683
2184 2734
7292 7580
4151 4763
5062 5770
3697 4236
2068 2536
1198 1451
7823 8577
7927 8475
1658 2047
677 949
982 1306
8309 9054
8240 8701
732 982
2097 2214
2739 3064
4024 4445
2937 3137
6914 7078
1183 1634
6502 6855
9139 9304
5875 5968
7712 7732
6798 7087
5685 6393
7994 8304
9739 9816
1518 1882
5293 5947
6826 7252
2732 3402
138 670
2026 2354
4736 4925
9457 9829
3458 4012
3462 3769
7640 8374
3370 4167
6275 6699
1367 1675
43 78
852 1038
6777 7430
3349 3354
7730 7941
232 772
8663 8701
7801 8186
2964 3543
93 216
7688 8483
7925 8219
4067 4205
637 959
2470 2631
1148 1876
5046 5291
9456 9521
9342 9689
290 1018
1361 2061
8991 9633
8812 9489
4846 5041
7493 7877
8664 8821
6006 6752
2329 3027
3750 4447
7781 8313
9119 9847
565 995
3317 3619
3792 4387
7597 8115
2804 3526
3385 3819
6256 6663
9067 9701
4373 4753
326 616
8026 8188
5245 5286
221 242
3592 3838
336 944
6488 6762
4263 4561
2496 2575
3032 3382
219 373
4687 5023
9168 9733
5671 6470
5182 5194
1933 2608
8330 8856
3219 3585
7068 7804
3131 3228
5835 5842
4622 4899
140 608
5457 6140
382 1160
5009 5639
7449 7663
4103 4346
4627 5045
7243 7767
4551 4739
4521 5320
3745 4063
8501 8770
1477 1928
4026 4344
7377 7783
3464 3874
7429 7807
6303 6999
8859 9573
6714 7258
6342 6462
110 861
3410 3888
4707 5465
1698 2203
3035 3489
6864 7525
2045 2048
3870 4213
7029 7177
4143 4486
4840 5349
640 1410
833 1346
3992 4190
848 1506
4635 5434
4663 4772
445 1171
2037 2715
2338 2901
4153 4547
163 903
2359 2925
3419 4093
5536 6024
8928 8946
9456 9732
5864 6629
2986 3224
7538 7656
8385 8490
2346 2626
8404 8506
4716 5032
1191 1965
1638 2055
2533 3082
4469 5023
6597 7279
1990 2572
3366 3978
3479 3828
7863 8014
2537 2977
1237 1590
1920 1931
6734 6947
8483 8749
1812 2115
5593 6213
4960 5379
8466 8591
860 1116
7259 7810
5673 5819
8892 9419
4958 5199
5097 5664
4162 4786
7633 8029
6880 7051
3871 4403
1980 2128
1574 2164
7606 8190
2407 2585
7198 7632
7020 7813
1894 1948
5573 5692
8347 9128
3607 4290
7840 8552
5453 5552
4522 5167
2086 2634
1232 1274
339 545
9705 9948
3446 3777
3901 4579
3916 4655
7319 7635
7051 7796
8915 9399
3565 3871
4896 5398
6007 6496
6931 7020
3544 3652
6359 6452
5983 6363
1633 2224
3293 3650
9304 9944
862 1540
2788 3316
4866 5394
7484 7511
7694 7964
638 1296
496 572
8594 8750
4674 5071
7955 8702
9373 9501
2706 3286
6386 6817
5096 5442
3684 3976
6570 6793
4288 4832
6546 7038
4508 5053
7461 7663
6219 7009
3576 3673
2181 2337
932 1262
2479 3212
1461 2148
5223 5543
7999 8194
6211 6621
459 1078
3072 3823
3708 4441
8916 9653
8855 8991
1417 2020
1259 1665
154 287
5388 6096
102 574
8457 8693
886 1263
1535 2332
3897 4040
8103 8208
6429 6812
4925 5193
7421 8140
2858 3208
5422 6186
7630 8157
4491 4568
8635 8791
3640 4214
5146 5233
8248 8690
6946 7416
6404 6949
363 984
5464 5556
2739 3052
9145 9237
6040 6085
9284 9820
4012 4723
6606 6632
8881 9498
2880 3665
3999 4687
5077 5177
1299 1646
8038 8513
5145 5259
9849 9882
1069 1097
5058 5176
6641 7223
2879 3640
8145 8708
397 449
6494 6751
7758 8388
1402 1528
5887 6681
1015 1616
1274 2025
2230 2284
1473 1849
3474 3883
8595 8884
3554 4063
8375 8620
6754 7156
6783 7053
5022 5498
5028 5116
1493 2059
4388 5105
1314 1317
463 652
6683 7374
927 1602
7122 7256
5075 5260
2920 3709
5430 5916
1786 2165
318 585
888 1226
1691 1779
8516 8723
3755 4380
2746 2863
3135 3615
9249 9854
3235 3327
7181 7898
5980 6459
7863 8442
8084 8431
504 696
4968 5455
7126 7328
2252 2715
1501 2155
4814 5168
309 394
8286 8327
7036 7602
5579 6296
9546 9790
1615 1827
6 43
8840 9146
695 743
8801 9039
1121 1666
1088 1192
8138 8152
3806 4485
1218 1336
7767 8152
9396 9824
572 1290
1279 1606
581 651
4501 4868
7956 8415
4665 5154
7099 7809
333 1068
5838 6322
8777 8861
5396 5865
7718 8034
4747 4851
5000 5528
2236 3016
3077 3686
9641 9775
111 898
4671 4776
7001 7630
279 478
3869 4126
1094 1096
4563 5069
9834 9851
4177 4942
6 381
4663 4914
3185 3801
5273 5410
1862 2164
3304 3583
8276 8735
472 1208
3216 3740
9633 9990
290 663
7280 7375
2478 2536
4945 5655
6782 7019
913 1189
2266 2272
4951 5285
5349 5931
4720 5212
1535 2097
6396 6825
522 629
5300 6077
3633 4267
1143 1677
8749 9385
4272 4840
7327 7348
9668 9689
4749 5251
5252 5990
6506 6956
9583 9594
3290 4043
6852 7044
5508 5998
3753 4338
3269 3909
8371 9089
386 972
2726 2902
8433 8993
8178 8472
8684 8841
4627 4639
2806 2821
5185 5708
1341 1376
2888 3451
2172 2898
2515 3256
5576 5897
8754 8866
805 844
7664 8034
8346 8972
6065 6660
5688 6184
8080 8501
8334 8374
9028 9213
639 1210
7699 8302
426 665
8365 9145
8878 8991
778 1338
5849 6054
3070 3844
4400 4825
8085 8748
1722 2007
536 992
7025 7052
2632 2658
3572 4291
3492 3700
8510 8995
7696 8176
8022 8363
9526 9549
1731 2154
7493 7505
1989 2636
3723 4523
9136 9607
6301 6482
583 920
7486 7977
6994 7444
116 722
4749 4823
3859 4597
2665 2827
3760 4315
1231 1249
4942 5275
9388 9947
1322 1985
74 820
1548 2281
6732 7009
3544 3932
375 1005
6938 7118
7137 7210
9383 9976
6783 7440
4646 5157
277 610
6335 6978
8776 9527
3847 4605
7852 7920
6869 7478
9700 9713
3094 3358
2172 2448
3895 4411
3598 3908
5673 6370
4285 5013
1158 1241
8381 9031
5664 6054
8838 9293
4305 4871
6314 6645
9268 9448
7928 8659
8643 8890
359 1060
8687 9166
7309 7924
4431 4697
8979 9346
5724 6434
3063 3320
3816 3991
5422 5687
8163 8362
8807 9371
8850 9396
3498 3779
7292 7711
3346 3361
852 1533
4302 5022
9333 9835
1503 1639
769 1009
9608 9626
1769 2434
3537 3583
7192 7747
6252 6742
450 1100
6468 7238
2200 2849
2872 3601
8437 8448
1868 1980
51 295
8852 9411
918 1401
8392 8975
7535 7793
4673 4831
178 647
1082 1181
9128 9619
183 829
4161 4246
8784 8826
9327 9792
1495 1768
4236 4847
2811 3124
7492 7965
8453 8683
6200 6665
4859 5161
5154 5851
9744 9853
8932 8975
4670 5280
5915 6640
4497 4849
3899 4493
8688 9367
2694 2990
3663 3680
8670 9453
219 591
8760 9469
3504 4191
3126 3405
4906 5703
9022 9057
3915 4197
6403 6495
2421 3133
8204 8911
7560 8307
6650 6969
5939 6385
3800 4347
7 630
7531 8146
8106 8267
1720 2053
3558 3751
6655 7209
4441 4808
2014 2451
7720 8406
3010 3453
9755 9934
9044 9645
378 530
1830 2551
2337 2890
1265 1861
9201 9782
6229 6758
8309 8801
1449 2026
7975 8132
3147 3561
4245 5006
7890 8202
3869 4636
8130 8341
4693 5452
9679 9952
3441 3797
349 580
2482 2512
1476 1618
5755 6362
3788 4569
4217 4292
6806 6832
7153 7451
1674 1862
4210 4697
4938 4966
2705 3049
8397 8427
6494 7107
3183 3247
5148 5915
1367 1828
1844 2034
5600 5656
7076 7158
3288 3524
880 1224
1168 1407
5791 6156
4376 5063
5789 6249
9281 9397
8944 9082
564 1192
1662 1790
6091 6145
9850 9975
390 1086
5818 6396
4095 4156
4773 5541
8874 8927
8887 9632
6711 7237
204 222
2504 3235
7935 8017
8441 8474
9581 9766
5548 6210
8691 8861
2389 2892
1638 2062
7220 7662
63 481
1538 2127
7543 7711
2966 3099
2443 3048
2727 3216
2680 3311
2042 2363
8532 8742
2475 2874
6364 6839
4011 4225
9268 9956
36 221
4665 4702
5510 6047
483 557
8657 8808
3698 4182
284 743
9564 9872
2794 2891
831 1139
8302 8940
7573 8043
4450 5185
2694 3358
2728 2921
6083 6422
3318 4080
5406 5703
1651 2411
1202 1739
790 942
9081 9406
161 446
5959 6323
4683 4912
697 1270
8698 9040
1724 2116
7100 7662
1101 1521
4753 5390
6823 7445
6544 7125
5096 5099
4610 4623
281 833
7295 7701
9009 9357
1861 2008
8947 9017
7737 8169
9709 9940
4101 4840
3211 3687
8477 8638
4803 5113
6066 6571
475 588
8112 8419
7766 8033
1826 1960
6514 6817
9625 9853
9027 9700
5517 5879
3539 3552
752 1143
4135 4615
7201 7978
7288 7541
4806 4947
5766 6085
8082 8787
3071 3645
9210 9621
3172 3429
9303 9972
2975 3616
397 895
6438 6787
8393 8464
5927 5982
3122 3620
6255 6496
4546 5266
8199 8728
1548 1700
4415 4992
234 697
9359 9692
4836 5372
9149 9921
2396 2659
4835 5099
6889 7491
3435 3932
295 529
5756 5845
3324 4030
7558 8100
1507 2134
5681 5752
6151 6716
1597 2211
450 921
2500 3049
2720 3330
1028 1241
8575 8732
7842 7928
767 1292
149 401
5637 5819
6680 7126
394 489
4717 4964
8299 9014
7812 8481
7663 7713
2809 3015
154 481
529 1269
5790 6437
9465 9773
160 245
7702 8339
4352 4519
6088 6518
158 852
4293 5051
8205 8903
8186 8717
6516 6835
3794 3951
9128 9171
6516 7201
9023 9092
4569 4899
7292 7532
4694 5147
9305 9675
8225 8258
3556 4247
3347 4117
8457 8599
178 407
5534 6075
158 300
4746 5181
7691 8213
3586 4317
2546 3065
1704 2317
7808 8171
44 171
2846 3041
2687 3050
5993 6459
8218 8696
6299 6377
5900 6625
8030 8413
4409 4828
7776 8187
4792 4887
7563 8130
3469 4163
539 1226
5169 5325
711 858
771 1533
9379 9658
3500 4200
209 642
9052 9485
166 906
3934 4598
9720 9860
2248 2940
8734 8950
3254 3819
5424 5629
8250 8501
9143 9519
7910 8011
3820 4075
5993 6600
6855 7576
488 581
5671 6416
1617 1867
9183 9710
2387 2893
1406 1781
2697 3276
5793 6230
6421 6920
5816 6093
513 552
5292 5587
7618 8023
8343 8753
5234 5726
1023 1273
9252 9627
6404 7150
7129 7305
6939 7273
9149 9226
5790 6396
1736 2370
1996 2105
9177 9688
1912 2233
1543 2221
1855 2510
4371 4635
538 802
166 417
2969 3050
9030 9626
5836 6192
2812 3417
7166 7927
9790 9842
966 1745
4174 4460
4780 5212
3718 4200
3911 4660
3863 4312
8811 9308
8704 9502
7122 7770
3380 3714
9222 9622
6809 7449
8845 9588
2831 3197
9637 9698
4858 5436
2649 2902
8785 9061
7608 7890
5384 5936
5503 5702
3137 3499
5431 5622
5488 5686
9456 9749
7545 7823
594 715
6578 6856
2885 3021
168 848
7938 8539
67 111
8246 8446
8368 8868
4961 5438
6294 6362
2015 2105
8466 8722
252 672
8711 9452
1505 1922
8271 8882
5430 6201
8551 8655
3808 4146
7354 7924
8867 9572
5274 5454
7741 8036
4423 4863
678 1255
100 254
6485 7251
2303 2546
1479 1736
3394 4017
2749 3259
5623 5636
1695 2197
1244 2006
3364 3409
8846 9037
5107 5665
5580 5697
6755 7034
7020 7333
714 1101
206 300
57 652
6297 7022
8699 9090
7861 8341
1215 1229
3553 4203
2621 2867
4996 5516
5173 5604
4221 4387
6546 6637
215 811
5675 5785
4632 5254
2582 3131
9191 9937
6336 6452
474 485
5355 5735
6569 6708
1746 2377
3562 3842
5307 5427
1267 1461
2284 3036
5594 6186
23 821
7085 7482
5764 5876
8867 8872
6774 7341
1884 2504
4194 4529
7257 7455
9446 9629
3984 4555
9028 9222
8135 8538
7965 8231
2300 2302
9147 9643
4763 5123
737 1442
9609 9923
9184 9622
220 506
4690 4857
8566 8573
5871 6240
978 1450
9036 9080
4427 4744
1666 1996
9557 9930
6901 7128
8914 9711
4519 5110
5485 6067
3620 4045
4304 5040
955 1447
4882 5359
4878 4884
2439 2767
4856 5322
2320 2608
2727 3416
7772 7802
551 1152
7089 7847
106 226
8161 8829
343 959
5437 5988
9445 9498
7477 8251
1055 1293
9207 9249
5016 5287
677 1223
1618 2067
1634 1872
5778 6051
7201 7457
9701 9810
1781 1824
683 982
7601 8288
6477 7260
1458 1543
6187 6538
7326 8126
8157 8402
9437 9916
7435 7591
6383 6562
138 890
6272 6823
5021 5703
5985 6186
6228 6765
7863 8646
8003 8240
2550 3186
2172 2643
5667 6325
1179 1656
4769 4808
5881 6468
6432 6935
4961 5179
7429 7984
2818 3334
1184 1574
7933 8085
6068 6307
6955 7307
4170 4926
2485 3131
8888 9275
5013 5655
7365 7665
4685 5067
620 1014
2352 2799
1449 1621
2119 2634
2213 2675
6817 7076
1450 1486
1134 1543
3113 3328
464 1111
3305 3590
6486 6714
6584 6671
3806 3896
8174 8178
3326 3734
3003 3168
3325 3811
5077 5692
714 1455
1988 2657
9311 9916
6319 6527
7804 8413
11 256
6721 7453
1236 1578
6897 7396
6211 6374
1686 1809
6002 6365
7401 7620
8787 9185
7491 7763
4573 4691
906 991
1158 1478
3617 3895
252 608
1039 1728
4385 5109
2874 2886
4701 5062
4365 5123
3038 3047
6382 6481
23 565
193 550
3420 3508
718 1071
6193 6501
2119 2646
2512 3164
6188 6665
3559 3889
5619 5807
5045 5402
7256 7953
8190 8253
4160 4960
5562 6181
1880 1963
6864 7351
4941 5701
1055 1464
1832 2133
8595 8773
8101 8165
9268 9550
3503 3667
8914 9159
3514 3893
3943 4022
3645 4216
2383 2889
9515 9812
9672 9754
1062 1448
2172 2950
2175 2941
1739 2186
1234 1884
563 840
6658 6958
4561 4775
9056 9480
2390 2804
1272 1494
2691 2995
8843 9095
7239 7862
1848 1930
9344 9709
8337 8752
8348 8998
5280 5409
2397 2918
1647 1922
894 938
9478 9559
2280 2639
4301 4752
7103 7840
4137 4238
6564 6940
505 1236
7257 7968
3122 3143
2382 2580
1693 2481
433 449
6522 6780
1152 1846
9032 9503
4778 5240
3273 3926
6449 6777
4942 5226
4931 5621
6706 6825
9143 9601
8526 9068
1265 1326
8023 8256
1900 2194
1327 2051
4856 4857
9064 9627
7897 8481
903 930
836 1632
4107 4469
8463 8874
9853 9898
4858 5061
3562 3772
5719 5927
9319 9622
6993 7049
8695 9253
2653 3321
8970 9321
2343 2382
6959 7284
9554 9597
2489 3054
7814 8254
8595 9278
2110 2858
8025 8443
4934 5620
8565 8601
1 96
4896 5573
8932 9558
3794 4503
4113 4661
2522 3140
7459 7599
8343 8403
6381 6536
169 876
170 218
8162 8489
6021 6339
6686 6721
4400 4458
3138 3716
8511 9233
1406 1735
7383 7891
738 1183
5735 6255
6247 6492
9226 9320
1692 2385
6747 7087
9040 9753
310 1062
2297 2890
674 933
193 303
8037 8190
4429 4908
9474 9697
5280 5773
5418 5721
4559 5261
3238 3418
812 1343
1019 1601
6294 7015
2944 3500
3215 3616
2315 3072
2562 3255
1403 1828
7256 7851
2023 2509
3878 3903
1450 1934
6839 7223
1606 1965
2522 2745
1191 1848
7921 8654
906 1008
5645 6001
5870 6537
1353 2036
6161 6268
6901 7293
755 1479
9068 9273
8598 9081
5865 6144
1770 2103
3489 4152
3772 4482
6168 6234
63 149
8861 9313
2890 3445
3043 3626
4512 4929
4396 4789
3171 3784
4540 4568
3260 3959
2561 2964
3527 3990
41 443
6321 7102
4088 4529
3061 3444
9641 9717
4109 4852
4469 4846
6248 6888
3408 3878
491 890
7786 8578
7590 7921
3354 3396
1992 2576
4370 5007
9616 9940
3605 3963
6060 6144
8054 8538
5863 6622
3888 4182
6971 7686
2694 3327
4846 5330
8880 9558
4665 5200
5257 5643
3920 4372
6773 7183
3851 4379
26 489
1056 1420
3437 4231
8616 9333
5187 5728
3956 4356
8201 8737
6000 6346
2916 3232
2230 2612
82 217
5132 5317
9544 9572
5492 5955
5252 5928
5551 6286
5439 5520
4707 5239
7544 7643
2523 2991
3495 4154
4288 4769
8058 8112
980 1479
105 689
5620 6139
1887 2352
4955 5754
4612 5248
8197 8604
4889 5667
4545 4891
2181 2875
7894 7924
9507 9744
6106 6876
8292 8441
323 825
3577 3819
6470 7084
3432 3791
1124 1500
8205 8377
5947 6050
4043 4540
7132 7922
7587 7807
8944 9724
202 821
6629 6638
8529 8782
6067 6177
7353 7744
8577 9346
1632 2394
2017 2410
6131 6880
191 409
314 502
4274 4896
2740 3052
7602 8242
2160 2237
7751 8143
40 184
1057 1292
7010 7124
9187 9965
8127 8496
6596 7088
5501 5654
1770 1998
3807 4540
6316 6909
5319 5594
7644 8286
6196 6826
791 1077
9258 9556
2430 2933
4953 5138
9209 9711
1552 1687
43 44
9462 9748
8839 9633
6586 7275
2722 3156
3420 3549
3493 3657
591 1244
4635 4924
2202 2272
9416 9969
3662 3724
2903 3526
2413 3088
2738 2871
2311 2343
5096 5512
4342 4518
3712 3981
3973 4264
1936 2069
9809 9943
4063 4563
1809 1817
5944 5959
9477 9866
3077 3452
9656 9675
7641 7848
5873 6500
1451 1539
3740 4077
9104 9266
767 1295
2118 2756
4387 4807
677 917
5965 6590
8344 8493
2482 3166
9560 9566
3527 3671
733 1086
6576 6786
6989 7084
6521 6705
6155 6894
9748 9791
9369 9501
1607 1961
7522 7994
6914 7015
7271 7686
9349 9927
6481 6852
3198 3813
8132 8777
3889 4679
2309 2907
7715 8446
5750 5883
2355 2807
3313 3745
4075 4199
4798 5510
6365 6574
1360 1564
5911 6189
6375 7172
5209 5529
8312 8752
9397 9683
8105 8762
1357 2016
1759 2226
4363 4436
7746 8109
6231 6426
4779 5423
4252 4860
1490 1734
205 413
2771 2832
3392 4146
8242 8502
2575 2791
2790 3184
8585 9216
834 1158
7165 7497
440 1228
4901 5245
5004 5011
650 1177
8888 9427
8637 8945
532 1215
3865 4176
1586 1747
5094 5783
89 640
3969 4019
8265 8398
5593 6150
3643 3730
8185 8194
6062 6241
3951 4445
8773 8889
222 676
4112 4322
445 650
4123 4217
5116 5519
3476 3901
7526 8161
3778 3949
9169 9323
9920 9987
966 1435
9184 9931
8644 9083
9489 9622
5602 6303
4947 5576
3338 4134
6763 6924
680 1190
5942 6332
314 706
4629 4656
5886 6665
1777 2234
3618 4281
7685 7929
196 751
6244 6746
5296 5613
1257 1889
3409 4129
7714 8345
6885 6890
274 404
3401 3940
2503 2913
4491 4974
7576 7800
4063 4220
1568 2194
6241 6355
3995 4047
1173 1207
8698 9437
327 374
2734 3465
4038 4407
7143 7912
6429 6458
3713 4178
616 668
4675 5017
123 750
9564 9761
6998 7487
469 673
3370 3731
9821 9887
5643 6105
5583 6211
2406 2856
8704 9355
3134 3350
2807 3282
1942 2116
2534 3123
4299 4815
3470 3710
5317 5896
8552 9337
688 722
1036 1113
5161 5756
8954 9613
6613 7258
2459 2629
7902 8107
3275 3894
3261 3993
6960 7542
1088 1319
1543 2150
3561 3769
1298 1577
8395 9168
5741 6139
9356 9765
261 655
7125 7322
1355 1935
5458 5690
5675 6385
1607 2256
6172 6630
5469 6057
7604 8198
6745 7131
8518 9107
9393 9996
8915 9435
2831 3203
3186 3580
9306 9656
5593 6006
9414 9624
5128 5392
3058 3221
2810 3243
2080 2142
2500 2943
8287 9025
28 616
7866 8527
2946 3643
3467 3797
3139 3271
9472 9810
696 1464
8326 8737
4362 4691
2170 2691
7666 8082
915 1392
3121 3782
5551 5555
694 1250
5727 5964
3442 3591
6196 6647
3249 3716
2144 2308
6482 7094
1754 1980
1208 1725
9558 9991
9292 9363
5686 6401
4740 4883
2529 2853
6210 6770
8223 8228
1834 2391
1786 2489
3474 3792
2181 2263
3273 3354
3310 3425
4761 5402
855 1165
2274 2435
2252 2609
7456 7519
4357 4412
9500 9646
6096 6357
8429 8633
7495 7696
6027 6448
625 844
432 654
7313 7715
9111 9320
4920 5377
898 1283
3544 3997
1728 2339
2240 2845
9403 9990
2650 2768
6406 6492
5801 6164
8854 9271
9593 9722
3392 4038
3138 3734
9835 9860
892 1391
8577 8735
4026 4035
8628 9417
2237 3021
7763 7863
5686 6191
983 1075
1598 2115
6719 7467
3582 4041
9079 9380
2085 2283
3519 4143
485 1079
231 557
1931 2235
9598 9823
6659 7117
3422 4199
5779 6295
6034 6747
5282 5656
7520 7900
2832 2918
6188 6963
7597 8059
7250 7319
9373 9665
748 1382
159 838
1088 1795
608 1160
5650 5828
2335 2726
3768 4506
8469 8524
5996 6053
7671 8309
8594 8644
7062 7186
4605 5186
8006 8571
4903 5446
3043 3641
8507 9077
9321 9414
1310 1864
1081 1744
5710 6087
3460 4255
791 812
7333 8022
371 567
2748 3018
4347 4614
9431 9874
1199 1951
440 847
7794 8445
6886 7396
5170 5823
879 1124
61 218
6986 7646
3414 4206
8546 9193
63 116
7994 8726
9149 9192
5706 6088
224 648
9263 9832
2154 2394
7744 8492
3822 4119
2355 2380
324 991
4330 4635
3576 4133
1247 1736
5004 5327
8732 8962
3876 3965
6303 6347
4872 4994
2699 3307
2607 3182
8453 9051
7503 8118
1355 2079
6255 6333
9352 9491
6220 6677
9444 9794
4373 4561
1491 1771
8348 8989
4252 4948
7303 8101
5878 6381
3466 3469
8654 9305
6637 7105
5770 5826
184 331
1483 1971
1283 1916
4910 5453
6725 7328
9094 9460
7304 7948
3452 3949
9533 9958
5698 5890
8238 8261
9241 9563
1058 1617
7577 7793
6577 7166
408 815
7652 8147
8058 8197
2209 2667
9758 9876
912 1125
2011 2066
9 310
2034 2617
5880 6049
4238 4275
4099 4185
9471 9710
2123 2685
9367 9661
1331 2091
3957 4252
1839 2519
4940 5468
9872 9932
7514 7751
576 1057
2071 2086
5766 6497
7948 8146
4235 4795
1763 2293
4384 5089
8706 9089
1598 1685
4468 4667
4102 4361
571 713
2153 2593
8241 8831
7999 8777
1884 2499
7217 7310
5919 6058
6945 7124
8890 9243
5591 5873
1141 1763
8080 8387
7688 8380
8310 8993
7083 7486
4 159
8991 9079
3394 3988
2031 2773
9652 9746
1753 2389
1755 1782
987 1135
4871 5083
6986 7518
3801 3943
4258 4574
3268 3382
7153 7301
6563 7201
1744 1958
1489 2284
4062 4796
1721 1979
9853 9895
6613 6890
7105 7389
4636 4948
1276 2047
8394 9090
6433 7140
1882 2212
9251 9762
2565 3122
5974 6554
797 1515
6892 7299
8248 8942
673 892
7324 7722
6041 6712
417 656
3296 3677
3065 3839
4472 4814
4986 5632
5130 5821
7929 8709
6383 6809
9574 9859
8749 9014
8388 9113
6120 6214
3609 4038
4807 5539
2558 2627
169 717
1219 1896
9711 9782
7068 7498
650 1369
6645 7185
9899 9919
6950 7602
6713 6950
8224 8304
5537 6336
3717 4261
7106 7834
5227 5788
5564 6131
8805 9341
2524 2532
2363 2906
1070 1686
7074 7584
6191 6513
3173 3803
2454 2609
3931 4249
4523 5198
7659 8192
7186 7488
1070 1571
2165 2906
7148 7157
285 717
9250 9566
476 892
3704 4131
6427 7079
618 1328
1394 1949
2103 2620
4024 4623
5966 6588
4180 4318
1047 1662
3607 4395
201 593
3762 3826
4154 4791
2718 2823
1358 2054
5919 6219
30 592
3598 3874
4981 5289
1869 2229
2931 3412
4602 5081
1166 1958
218 234
1657 2175
594 807
9133 9696
8580 9017
9817 9825
351 799
2865 3341
8270 8809
3009 3695
3789 4468
9365 9421
436 1094
4807 5410
9371 9510
9464 9619
5653 5681
3115 3234
7825 7828
7781 8270
4322 4719
7354 7410
4492 4841
3026 3794
5070 5131
2808 3326
2562 3323
165 553
4633 5246
5585 5793
5439 6015
2818 3022
9366 9922
1439 2195
2516 2892
3362 3698
7146 7532
3325 4024
6753 6792
3702 3830
2608 3373
7043 7320
7372 8003
6325 6995
9304 9881
5975 6608
9583 9633
3718 4486
8097 8612
2040 2787
4215 4369
9315 9519
1275 1345
6307 6655
5177 5201
4633 4911
5238 5982
6800 7339
7413 8086
2882 3102
4511 4747
1943 1965
8023 8734
8044 8048
8200 8715
2167 2305
6469 6601
962 1114
9638 9764
8556 8632
4591 5251
1970 2409
2600 3196
5490 5927
7623 8417
3716 4273
9248 9284
2287 2410
3837 4047
791 1143
9641 9882
9185 9750
6620 7206
325 492
5379 6052
3469 4050
7792 8326
3702 4443
4993 5500
4411 5170
6096 6239
7276 7608
2574 2903
9125 9842
2486 3182
2050 2339
4563 4734
7982 8334
1587 2294
2545 2879
6214 6945
4555 4727
7046 7138
8156 8862
6562 6946
2923 3312
3110 3320
4966 4987
3645 3791
3735 3787
2456 2780
4367 4860
3389 3536
9661 9940
284 583
6975 7259
2573 2730
796 1201
880 965
5403 6059
8776 9104
6010 6598
5586 6268
1560 2156
7794 7957
2816 2836
9705 9929
5921 6656
1662 1866
6946 7690
8675 9251
8828 9083
7837 8559
235 478
1490 1812
7115 7684
3028 3818
7249 7540
5823 6165
7109 7357
6538 6771
8122 8609
9852 9900
6664 6860
7902 8292
7237 7987
8660 9222
610 1218
4153 4943
76 747
731 806
3554 3567
2573 2854
8635 8868
2258 2512
7772 8174
2524 3006
2423 2872
311 540
8524 9166
2335 2711
1733 2515
1274 1758
4223 4604
5274 5335
2370 3002
532 985
570 1024
8285 8512
5661 5955
2114 2435
1252 1253
3210 3551
522 1137
5408 5463
914 939
6401 6590
1653 2071
1194 1908
9216 9889
738 1480
9383 9961
3554 4161
3853 3919
4680 4965
2617 3164
8865 8872
7360 7847
6010 6079
8199 8452
8404 9032
4516 4797
2336 2982
8467 8867
7085 7532
7011 7230
9266 9489
5039 5283
4129 4493
21 786
952 989
4713 5278
1071 1254
1192 1389
9095 9547
8531 8998
1690 1913
827 1328
7581 7676
1744 2415
8389 8566
4210 4752
9478 9485
4672 5239
9337 9941
6029 6481
6820 6954
1370 1907
4599 5001
9394 9694
5379 5468
1089 1299
246 326
2113 2388
1801 2297
9099 9420
6920 7347
773 1270
4776 4886
3980 4266
8366 8921
9643 9831
2087 2783
1686 1717
9026 9638
5761 6537
3541 3702
2774 3103
6149 6563
38 737
2632 2776
3606 4368
7191 7889
8363 8440
1505 1756
4480 4781
9188 9883
6585 6776
7591 8206
738 1322
8427 8546
272 827
9275 9517
2670 3421
8008 8201
9699 9749
476 535
8237 8498
7248 7289
2128 2136
2260 2353
8705 9318
1560 1774
1834 2019
4419 4558
3205 3374
6133 6340
1880 2386
9745 9844
737 1163
4121 4528
533 613
5565 5674
8999 9530
9546 9858
9817 9846
63 625
3753 3965
2696 3308
1716 2043
1540 2272
8897 9433
6593 7235
9005 9185
5336 6048
9655 9761
9121 9606
8858 9416
8163 8441
7035 7415
5786 6413
8204 8939
1290 1468
258 262
1198 1469
5730 6314
599 738
64 251
7526 8063
4197 4511
4508 4976
8129 8344
2093 2195
4469 4575
6373 6562
2593 3126
5887 6027
2216 2813
3617 3861
2656 3088
3645 4140
2518 3137
3163 3549
6278 6360
5330 5622
7285 7718
5204 5794
4668 4880
8742 8958
6337 6481
1756 1901
2243 2639
1444 1935
3437 3485
6252 6866
2312 2516
5197 5659
6437 6601
7773 7816
4109 4309
3948 4717
3160 3938
8714 9429
5007 5342
9046 9463
2861 2918
8592 9292
7568 7838
4312 5088
9488 9814
7610 7730
504 1053
9012 9361
1366 1892
4011 4524
360 419
9132 9202
5820 6128
8000 8007
3006 3044
6747 7009
7581 8171
4776 4823
3301 3703
5341 5660
4469 5209
298 1067
1246 1964
2810 2864
6587 6726
9773 9795
822 1177
3439 3472
9758 9983
4411 5192
6040 6699
5945 6703
1064 1195
7979 8424
684 872
5884 6537
1680 1977
6732 7278
6658 6854
2414 2692
8307 8768
3281 3877
8547 8604
2494 2690
2706 3500
8498 9049
1433 1654
410 1076
2736 3459
2405 2531
2657 2785
367 1076
1597 2134
3237 3991
8675 9130
4119 4553
5319 5588
451 799
4953 5673
3913 4701
4943 5087
513 1035
7260 7983
7797 8442
8672 8788
6889 7125
8495 8688
3576 4357
9009 9701
6416 6652
7604 8052
4704 5416
9473 9615
8900 9239
8678 9299
5243 5619
2879 3654
5382 5508
7064 7116
7080 7345
6592 7341
8189 8644
1172 1888
4955 4998
5737 5818
5746 5889
305 408
7472 7977
3973 4121
6417 6556
5835 6192
93 706
4669 4908
2067 2245
1009 1417
4976 5198
2243 2796
5212 5651
1080 1610
8070 8091
10 490
126 139
520 757
7882 8080
4199 4541
4959 5426
7967 8043
7221 7723
7756 8194
5541 5795
6856 7563
7789 8066
2811 3129
6216 6810
5782 6286
4771 5555
4643 5059
280 412
1779 1945
5489 5671
7025 7544
3493 3794
662 1433
1350 1781
9492 9930
6089 6787
4648 5032
4810 4885
5120 5194
9810 9828
4459 5219
7786 8226
7173 7498
5403 5517
6778 7162
1169 1545
1219 1408
3979 4371
782 815
5465 6053
3436 3689
5687 6302
5420 5883
4374 4923
6418 6961
5426 5845
8138 8775
5464 5810
2969 2991
2690 3405
744 759
9427 9611
8951 9683
4918 4952
802 985
9215 9695
8494 8837
4638 5115
2016 2034
8435 8523
8859 9093
4716 5006
4627 4774
6235 6662
5844 6549
985 1342
8121 8258
9533 9792
263 924
2126 2820
7865 7994
9046 9236
4253 4522
2187 2303
4040 4420
2524 2742
4660 4791
4332 4869
9933 9977
9337 9533
8493 9072
3610 4147
3365 3533
8563 9281
3207 3903
4550 4607
5548 6304
5613 5623
6657 6661
3127 3655
1207 1646
7960 8684
3629 4287
519 864
1056 1300
6605 6708
1168 1418
6916 6956
9176 9964
4915 5353
743 877
4879 5103
1985 2778
4785 5401
2951 3698
3234 3583
4077 4138
4798 5165
4142 4757
858 1579
3744 3937
1377 1850
2251 2891
177 622
1901 2165
688 1258
5690 5901
286 361
8242 8555
3143 3221
1309 1644
2864 3320
6254 6794
5414 6017
3955 4624
9071 9825
371 473
3367 3412
3124 3786
22 222
4221 4732
2992 3401
5395 5499
8549 8731
9316 9943
1173 1719
7559 7682
2550 3066
2040 2128
7174 7285
7668 8049
1640 2119
6693 7050
1108 1685
3681 4436
3977 4321
6140 6567
3736 4451
1343 1597
1052 1164
565 1053
6496 7119
3384 4024
6923 7396
5282 5909
4753 5160
2970 3242
5860 6547
2041 2128
5136 5516
455 1163
5947 6374
2457 2796
4921 5494
1134 1835
4240 4547
4192 4494
1983 2075
7517 7760
1129 1608
3799 4335
7065 7142
1011 1150
275 771
433 619
4328 4768
2512 2725
4380 5058
6132 6435
8930 9606
9172 9298
5194 5411
4554 4744
3321 3425
1924 2619
527 1013
2067 2073
3338 3977
907 1636
2992 3459
779 1463
356 878
5279 5938
210 692
3578 3738
703 1489
5352 5426
5810 6597
1359 1377
4679 5267
5755 6268
8087 8615
9073 9425
5424 5509
4608 5259
7499 7942
7471 8012
8993 9369
8929 9610
8180 8836
4229 4468
6192 6349
4096 4879
7759 8433
6741 7428
309 748
329 645
1063 1762
321 381
3053 3451
9150 9452
6772 7127
4208 4480
7966 8347
2197 2339
6426 7031
364 999
9524 9902
5988 6028
5463 5850
6331 6333
7014 7717
8803 9569
2304 2635
3852 3869
2275 2329
5313 5326
1692 2130
192 813
4556 5254
7916 8318
2621 3033
2239 2673
4170 4193
7897 8051
2840 3610
3500 3640
262 771
804 917
5231 5532
9281 9967
3175 3677
6459 6692
6219 6918
3623 3988
1745 2386
8810 9448
4389 4637
3902 4115
2668 2796
5014 5189
4223 4403
259 576
4074 4082
5007 5088
5995 6509
3964 4023
7444 7596
9307 9877
6059 6373
278 441
9024 9105
6736 7267
4154 4424
5009 5691
3034 3162
4755 5004
3218 3934
5496 5501
153 320
58 131
7340 7944
3376 3484
1958 2431
7146 7712
2643 3313
3905 4210
7961 8444
2526 2664
205 904
9193 9443
7118 7217
8164 8790
1206 1982
1265 1789
1870 2532
9215 9794
3739 3750
5039 5117
3610 4335
2209 2764
3088 3884
43 704
7958 8740
4144 4442
6808 7164
3983 4728
3662 3973
33 749
4775 4828
9425 9588
199 749
3551 3717
n2
6257 6700
8577 8635
4825 5053
7973 8081
3659 4416
2569 2617
3950 4062
6578 6617
9122 9273
5254 5760
615 1232
8276 8361
8090 8179
6151 6575
9588 9662
2671 3051
8558 8775
7389 7590
6893 7663
8831 9319
4957 5612
5977 6730
7095 7777
3526 4183
6234 6278
7620 8259
870 989
5026 5104
2065 2147
1849 1982
4511 4632
9092 9404
9376 9471
2688 2969
2507 3271
2962 3136
1434 1693
489 559
7498 7947
2636 3248
5365 5971
7150 7742
156 354
7615 8196
7282 8018
7883 8303
1876 2518
3227 3818
9363 9465
3116 3540
1122 1663
530 878
4248 4701
891 1670
1981 2759
1866 2086
6165 6550
7196 7548
9109 9482
2886 3478
7522 7639
3886 3940
4572 4850
3081 3532
4659 5221
9545 9589
7300 7552
3848 4628
9205 9937
34 48
4309 5035
5259 5610
8779 9304
9102 9855
8298 8728
2345 3144
308 648
5600 5714
6578 6719
6819 7100
7381 7903
1035 1539
6814 7283
1003 1388
1781 2486
1304 1886
8491 8540
1174 1564
4795 4901
5495 5936
659 1190
8762 9098
9670 9932
8903 9569
1167 1562
3787 3854
7168 7217
206 432
8471 9024
9683 9768
