n1
6554 6608
3056 3416
5307 5364
5474 5864
4518 5069
8848 9601
7740 8038
3310 3930
8279 8332
83 769
6205 6734
6713 6754
5282 5947
236 1018
3763 3981
9038 9117
1267 1773
6068 6738
6256 6712
7711 8130
1110 1334
384 822
8025 8761
5579 5581
7124 7301
3696 3815
6743 7448
3933 4079
6453 6920
5138 5851
6158 6558
2734 3432
2013 2469
3640 4103
5064 5243
7039 7468
4033 4119
8407 8741
9580 9929
695 1413
6062 6427
996 1565
4678 4716
9193 9514
3130 3555
714 983
9413 9462
1026 1765
5953 6525
1761 1968
1471 1893
7285 7942
7648 8153
6570 6909
6057 6253
6039 6477
3407 3699
6991 7247
7446 7645
3874 4213
1248 1252
5192 5961
216 707
1085 1366
7063 7521
5134 5934
1756 2211
5608 5643
976 1156
7599 7727
9106 9905
9752 9840
2733 3153
8804 8994
797 1470
5149 5156
6573 7113
1473 1638
1198 1629
5390 5691
3235 3717
9141 9445
4161 4668
7068 7681
1253 1537
1677 2393
2295 3021
6990 7601
2788 3247
6046 6106
585 608
7107 7528
3773 4299
9567 9986
5808 6505
185 898
9215 9788
3032 3280
2359 2892
4456 4967
178 495
5254 5578
1321 1450
8394 8727
4051 4088
3445 4024
1507 2077
2936 3436
5277 5485
2877 3354
8099 8350
9177 9614
5367 5934
354 1056
4023 4573
9364 9496
4677 4802
7356 7535
5636 5931
4659 5125
9474 9703
2978 3482
7150 7852
841 1348
1512 2233
2665 3459
7689 8246
4242 4547
5916 6507
6771 7229
4246 5033
7683 8035
9090 9860
849 1078
4662 5327
7687 7710
7966 7995
8110 8240
6635 7344
6068 6211
7756 8294
9522 9655
6772 7040
760 1296
3345 3474
437 575
1396 1528
3680 3937
6278 6775
8005 8286
7966 8438
5472 5588
1033 1542
7242 7420
637 1151
5296 5726
4462 5007
9928 9986
4452 4766
1505 2078
2357 2682
3645 4360
3196 3856
4370 4487
2237 2740
4293 4697
4156 4916
3828 4316
770 1252
4880 4977
1487 2047
1493 1999
942 961
3481 4062
2764 3229
5937 6007
3589 3967
6681 6758
8793 9442
4528 4589
6574 7224
1720 1872
5952 6104
748 1437
3187 3401
5043 5164
9489 9665
2700 3107
9276 9607
3360 3592
9150 9525
264 971
7872 8583
3850 3873
6130 6723
7871 8497
4159 4514
9332 9872
9130 9730
6456 6588
112 176
7757 8261
2294 2959
2479 2795
9024 9528
986 1601
7101 7856
9159 9623
30 64
3086 3808
5815 6424
6762 6997
2031 2478
40 640
269 981
9247 9484
6796 6922
6425 6685
6831 7407
3162 3586
6180 6778
4968 5664
5130 5839
3786 4416
2535 3004
5237 5727
1907 2028
8997 9330
998 1063
5558 5559
7081 7527
8996 9543
826 991
408 909
5395 5586
869 1528
69 623
4254 4803
8069 8732
6208 6490
7182 7311
5166 5189
9269 9905
9113 9869
4793 5213
1539 2177
2871 2940
6715 7321
9627 9977
128 433
8213 8339
9507 9685
1013 1685
632 963
7630 7771
9221 9857
1901 2283
5227 5241
7759 8205
9450 9676
3136 3519
7688 8463
8631 9102
1015 1108
8009 8763
9374 9558
7167 7728
2481 3276
998 1325
4298 4651
9112 9361
8997 9129
2237 2612
1389 2071
7851 8444
7223 8005
2031 2372
6748 6954
645 851
160 920
6363 7045
3275 3994
167 281
495 1261
5629 5778
8099 8746
53 91
3210 3741
3644 4254
7457 7648
1180 1796
4521 4983
6782 7458
6630 6780
8802 9372
3311 3714
6061 6375
6900 7049
9019 9510
8021 8317
2719 3225
2473 2522
2657 3251
1191 1334
5675 5766
3040 3555
3287 3507
2312 2844
4596 4843
5307 5506
983 1008
9270 9543
9387 9912
8103 8852
5728 6056
9189 9303
6949 7544
6626 6996
6506 6962
2857 3368
4113 4726
3551 3887
7929 8379
8768 9423
7015 7308
4684 5427
4253 4775
5403 5578
7163 7317
4139 4377
296 891
6073 6318
2809 2898
882 1138
9081 9247
2598 2997
6949 7524
5758 6353
8570 8620
2006 2162
7542 8075
7150 7925
4819 5578
7727 7994
9158 9857
2055 2377
7173 7714
6614 7242
298 323
2755 2892
3228 3460
9427 9746
4745 5293
8796 8953
8900 8958
3734 4170
820 962
7130 7723
4056 4368
4297 4305
5550 5838
3141 3639
5998 6495
6300 6638
50 113
8612 9076
399 729
2025 2372
8507 9249
4197 4469
5806 6453
3599 4198
9021 9215
3555 3844
2118 2738
830 1451
8744 8938
3405 3768
5268 5514
7780 8367
1703 2212
8131 8762
8957 9417
622 730
533 999
5206 5278
852 1460
6464 7082
2684 3193
8328 8875
9018 9132
20 102
8013 8328
4875 5347
8298 8375
9704 9889
9314 9751
2443 2700
6839 7226
4792 5324
6660 7285
9068 9438
8925 9381
587 672
4461 4973
3757 3795
9583 9587
7154 7887
4766 5451
7381 7619
9270 9588
8098 8256
4626 5026
2474 2670
3 537
7286 7445
3001 3357
6005 6150
8384 8519
5948 6128
74 215
7481 7916
2611 2810
9091 9814
8234 8496
3617 4316
456 1166
919 1228
8222 8813
1970 2297
3682 4476
5324 5895
7502 8289
5924 6031
5000 5787
329 855
7320 7609
7978 8521
4578 4799
9101 9157
2582 2703
5348 5741
2133 2263
6173 6215
690 1023
4968 5134
1646 2054
2643 2978
6064 6528
2199 2610
1988 2188
5503 5695
838 1089
629 1116
4499 4847
3017 3444
1825 1980
8821 9383
2966 3234
1114 1471
89 365
7334 7577
2106 2695
7681 8159
894 1684
315 626
5402 5707
5299 6090
4489 4994
5340 5907
6180 6915
1228 1681
4388 4845
2723 3030
708 756
3007 3174
8415 8898
385 797
8187 8762
5281 5537
3450 3846
80 417
5504 5760
513 1067
2517 3297
1243 1811
6708 6874
2939 2951
203 657
50 606
7391 8135
6405 6970
9124 9620
9497 9757
5481 5906
9115 9901
7188 7986
3877 3910
3198 3473
9822 9915
5305 5817
9767 9958
8231 8728
7324 7765
8613 8623
4440 5208
5547 5753
7119 7334
3295 3564
8192 8405
3179 3842
5709 6421
138 337
7391 7457
7390 7931
5564 6154
5765 6049
577 1001
19 457
3504 4301
6193 6358
6256 6591
3997 4561
7958 8017
9398 9559
3374 3894
2879 3168
3639 3684
2689 3221
4303 4580
2639 2922
2097 2102
9617 9977
2835 3221
881 1403
5317 5819
4394 5162
4914 5348
4231 4691
5995 6492
8309 8513
2728 3345
1962 2208
3737 4087
6908 7171
4015 4409
1166 1842
8571 8944
6400 7040
2132 2723
2179 2888
5464 6078
2253 2354
7638 8397
2415 2807
1629 1790
2335 2439
2520 3028
8368 8961
8760 8983
2292 2977
6971 7531
232 544
4581 4832
5483 5813
5259 5340
9226 9247
6529 7200
6591 7113
8011 8378
2245 2986
9009 9606
361 676
2057 2748
948 1739
2398 3154
4130 4159
6679 6806
2504 2938
8889 9085
8700 8712
6141 6179
7220 7403
2248 2855
6746 7445
6283 7071
8530 9216
1939 2226
5799 5820
1190 1268
37 742
5556 5800
2391 3128
8879 9264
6337 7109
8796 8988
359 959
424 701
1409 2049
4405 5099
3116 3395
1070 1201
194 649
4208 4929
87 242
3417 3984
5071 5751
6008 6241
8257 9015
6012 6134
3909 4481
3875 4214
4911 5000
8493 8756
9228 9452
2053 2685
773 1193
8491 9258
4983 5104
6268 6480
589 1181
2097 2635
1788 2317
3106 3199
9831 9858
5126 5499
634 1117
6141 6804
6302 7059
8384 9139
1816 1952
7893 8244
5162 5835
3607 3960
5098 5213
6619 6777
6999 7294
7907 8103
5773 6326
5840 6366
4745 4928
3199 3296
9324 9400
5699 5899
6285 6556
7284 7895
4308 4683
365 480
7118 7377
1079 1638
6907 7685
130 360
7564 8349
7042 7562
6162 6578
4093 4370
6397 7137
8348 9005
3480 3643
6482 6998
7131 7596
922 1513
7254 8008
5716 6217
3541 3865
7962 7978
7510 7585
9010 9126
7099 7471
5142 5165
4712 5406
2673 3327
8148 8225
1733 2334
4177 4572
4650 4920
2211 2571
6639 6738
6697 7381
4829 5144
2168 2470
3950 4302
9225 9264
9249 9377
7967 8249
9854 9942
2580 2693
7533 8321
2810 3053
17 98
3920 4160
6081 6846
3968 4104
5911 6147
9462 9931
1318 1693
61 287
6087 6521
8521 8917
600 695
9375 9488
6089 6698
1800 2202
8531 8891
5059 5800
3588 4178
3105 3304
3952 4287
3971 4667
8863 9201
1243 1359
871 1429
4423 4989
5822 6096
8593 8902
3463 3810
1180 1622
1897 1941
3943 4643
6541 7311
24 452
8509 8875
5424 6016
4798 5221
2455 2629
978 1526
6513 7229
9791 9906
2737 3140
396 1132
2402 2516
1452 1811
8788 9353
2784 3273
1718 1724
5989 6230
6980 7290
1406 2051
4340 5016
4921 5101
1044 1424
7685 8248
1705 2064
219 221
1933 2406
8072 8303
8454 8474
6965 7146
8002 8010
8914 9373
1868 2657
4753 5295
2724 3395
7525 7816
6726 7180
5491 5891
6058 6820
5195 5873
901 983
534 595
2570 2597
4417 4435
1512 1953
2916 3707
492 812
7036 7253
6013 6372
6066 6067
848 1161
3284 3506
8646 8958
9337 9974
717 747
5606 6162
4559 4693
171 484
4962 5725
4981 5004
4135 4300
5428 5999
6426 6923
60 265
1089 1551
4418 5214
6655 6683
6520 6925
8362 8766
1078 1226
6489 6920
8140 8500
5849 6266
4747 5221
5507 5627
656 1235
6722 6971
616 914
9190 9956
1025 1073
9085 9659
9203 9296
2356 2786
8401 8411
7408 8140
236 550
4413 4536
4413 4785
4128 4509
4943 5285
6012 6410
7017 7791
5060 5703
6542 7033
5629 6245
1777 1885
2690 3374
9250 9739
2997 3271
5024 5447
113 612
7068 7510
6511 6684
429 1042
7487 8234
8881 9610
5289 5545
2430 2821
8368 9112
457 1153
8516 8563
4321 5041
2311 3103
9393 9667
9155 9747
3766 4125
2057 2409
7020 7294
7901 7932
7387 7917
1267 1291
725 1342
1848 1909
4639 4927
2908 3292
3100 3661
8414 8757
6752 7485
2370 2575
9717 9926
9529 9960
3271 3639
7120 7404
1365 2159
5526 5788
5147 5174
3634 3716
3830 3873
148 617
8282 8397
3179 3755
3187 3653
9655 9838
5670 6407
1994 2233
4305 4800
5374 5866
7122 7677
8596 9299
3966 4400
8195 8994
7792 7814
5804 6484
7446 7790
882 1615
3824 3974
4390 5028
7022 7296
2650 3298
2791 3564
8552 8574
4595 5235
9534 9997
2268 2468
3348 3465
7344 8064
572 1028
2007 2084
1118 1649
187 188
5859 5878
8344 8609
2049 2812
5865 6077
132 831
2586 3272
8788 9557
3827 4583
1131 1452
2491 2775
5537 6264
6088 6496
7584 7662
7107 7392
9936 9997
1124 1148
545 788
8027 8364
7670 8002
8346 8676
203 910
4540 4964
6137 6416
1261 1954
170 921
4782 4906
3770 4064
6 245
8372 8619
640 838
9273 9909
7001 7348
266 489
5891 6603
997 1348
7975 8007
519 1171
1150 1295
4999 5502
6620 6952
7840 7933
5161 5220
7728 8070
2708 3314
2961 3567
8584 8811
7623 8206
5307 5823
5803 6314
4325 5108
157 646
537 1284
6171 6697
1766 2355
5081 5635
8997 9453
3665 4102
7864 8123
2880 3668
1250 1827
3721 4059
221 467
7814 8609
6361 7161
9059 9111
4712 5384
1159 1768
1475 1648
6416 6818
7717 8481
2467 2775
1590 2328
9233 9466
90 648
6074 6148
7560 7563
7633 8142
7358 7494
1701 2123
1638 1911
1757 2332
6857 6983
1515 1889
8974 9148
3218 3475
1257 1725
2051 2479
3693 4031
2353 2861
7776 8416
6021 6754
4600 5316
1077 1834
5801 5967
5256 5269
4821 4944
6927 7308
1576 2245
3564 3643
3723 4369
4192 4820
224 451
5877 6417
4801 5088
191 906
553 557
2912 3333
2907 3010
2965 3368
7539 7753
7842 8161
5910 6144
n2
7138 7157
2508 2776
2076 2504
3991 4598
1315 1861
5330 6058
3628 4326
103 166
2163 2358
1480 2105
6646 7306
1484 1684
5639 5937
9390 9406
9171 9520
5568 6126
340 458
8227 8897
8449 8611
1468 1746
5876 6431
6227 6510
7630 7834
7460 7806
7381 7726
2839 2962
2224 2798
7365 7782
1771 1874
9527 9730
7860 8370
6272 6942
8291 8993
342 622
6424 6663
4432 4454
7927 8328
7319 7575
4743 5461
976 1441
722 987
7078 7806
8924 9508
7430 7635
2236 2429
6043 6836
37 259
8970 9005
3971 4326
855 1401
850 878
6810 7473
8617 8849
1019 1586
5464 5709
5908 6281
4017 4215
6278 6656
77 455
4953 4988
6328 6722
7590 7839
7161 7957
598 1068
1390 2061
3552 3698
2083 2598
2689 3099
5103 5460
479 560
9198 9627
8528 8612
4037 4144
8813 9329
8912 9497
5280 5304
3471 3751
8362 8578
363 910
3506 3896
5179 5726
8038 8324
4240 4584
9439 9475
5731 5812
766 932
8397 8755
4677 4751
3946 3993
2060 2732
9966 9976
3089 3230
9105 9838
3939 4156
8693 9344
1727 2202
6705 6735
3182 3846
2129 2928
7750 8389
