n1
429 960
5269 5698
6150 6411
9396 9575
5202 5266
6074 6616
7874 8261
8010 8050
5658 5737
26 569
9694 9863
7189 7298
6714 6883
2502 2517
6540 6843
4541 5039
1103 1783
7703 8450
9564 9855
6826 7027
3022 3669
9799 9973
1483 1566
7195 7658
1528 2162
5900 6401
8765 8959
6914 7314
1982 2394
4489 4602
6015 6802
4663 5265
805 1163
3734 4094
6682 6707
842 1181
1127 1756
6659 6762
9227 9806
6226 6941
148 831
4214 4314
6645 7419
871 1384
3068 3833
25 296
586 752
8696 9145
2625 2710
3313 3548
6379 6652
8963 9491
5590 5986
1645 1702
5327 5481
6847 6850
1482 2022
8889 9525
8493 8740
1305 1758
1831 1866
6339 6422
5469 5807
1297 2061
7583 7634
4307 4994
6214 6894
6952 7426
7182 7600
2215 2523
7444 7480
9916 9962
3031 3253
7851 8555
3107 3451
4855 5377
8236 8353
7513 7714
903 1488
2702 3358
4549 4837
1247 1746
586 622
6803 6983
3706 4334
285 901
4804 5541
5838 6503
8926 9121
3480 3756
449 804
8387 8623
2830 2987
8049 8355
2089 2260
3755 4518
4757 4859
7793 8271
5730 6217
5241 5783
9019 9706
6892 7085
9627 9658
573 1252
5465 5555
7230 7282
1585 1887
7273 7591
2775 3081
2176 2727
9306 9992
12 220
2146 2774
1785 2303
1128 1862
842 1409
892 1358
1003 1116
5554 5848
6849 6927
2165 2786
5132 5139
652 699
6680 7181
889 1123
4214 4513
3088 3211
5150 5668
9059 9849
8663 9025
838 1354
816 1325
6682 6764
4688 5072
3503 3762
4347 5001
489 1117
456 472
8940 9025
4369 4651
3431 3760
8224 8456
1627 1882
1598 2300
3393 3650
6873 7499
29 552
3631 4238
4877 4998
989 1085
9344 9717
2622 2868
2738 2784
5103 5630
2151 2172
5994 6073
2515 2791
8285 8368
5110 5369
5116 5343
564 1335
2936 3718
1858 2288
324 427
99 533
8512 8980
2763 3367
6736 7304
6758 7316
6493 6974
4333 4759
3277 3717
39 740
9036 9246
2687 3055
4059 4225
6159 6808
1172 1368
9196 9944
8869 9176
7565 8081
6794 7565
887 1431
757 1557
3175 3961
451 596
2143 2569
3340 3589
7440 7504
5332 5636
1975 2313
1097 1501
822 1165
9190 9236
8648 8875
4637 5061
9328 9965
6748 6966
5987 6340
2539 3284
2334 2595
35 64
351 1026
7252 7452
772 1496
7885 8379
4116 4394
1483 1668
6794 7456
2840 3570
9817 9938
6072 6715
5154 5834
3627 4180
109 523
4187 4339
5940 6443
353 590
5680 6101
4641 5358
860 1018
4875 4945
8622 8948
7519 8249
1175 1305
2031 2445
9031 9827
9820 9941
5545 5716
6631 7093
2083 2107
8698 9152
5563 6339
1082 1427
3881 4276
9104 9455
5571 6058
8167 8520
7774 8055
1514 2064
5402 5712
7226 7626
2138 2248
4794 4943
1047 1615
7360 8043
1524 1638
4362 4402
4575 5247
2039 2706
9141 9832
4596 4898
6634 6831
4525 5094
1289 1669
7083 7141
8938 9485
6349 6488
53 535
3560 3828
9552 9961
2266 2800
5538 5645
2984 3576
5199 5825
8394 9041
2963 3613
4270 4992
1723 1747
5638 5715
1895 2144
5116 5126
464 1143
447 1175
4054 4224
5425 6178
7172 7721
4448 4531
8231 8399
4077 4644
4970 5623
8226 8497
5795 6463
5560 6121
2882 3009
4941 5084
7389 8168
2831 2834
5076 5400
4269 4411
3338 3860
3902 4465
3327 3354
2407 2903
6520 6589
1129 1365
4408 5047
413 437
7265 7773
690 734
4658 4690
482 925
152 902
7002 7412
1573 1924
9499 9941
5742 6185
7628 7996
4659 4816
936 1672
6130 6319
542 795
7805 8333
5681 6480
3640 4082
6545 6635
575 776
5443 5758
9173 9199
4163 4365
1692 1720
3694 4208
5945 6315
2416 2521
403 1137
7615 8239
3983 4025
6988 7269
1881 2335
5612 5927
5373 5564
3303 3751
5328 6001
2302 2882
2077 2795
5348 5967
7354 7777
1904 2514
1511 1896
418 579
2438 3232
7233 7248
5070 5305
2052 2202
4447 4813
4559 5320
9 312
3428 4203
172 528
3103 3734
3609 3685
5735 6121
1258 1456
3769 4262
466 1103
3730 4117
4774 4890
177 662
379 880
6954 7375
4840 5355
4247 4278
5840 6378
9077 9682
646 770
1098 1154
1864 2027
9668 9996
4988 5073
3193 3213
85 758
3814 4567
2825 3505
2221 2833
3916 4059
3520 3889
3249 3649
3301 4001
8882 9061
9782 9918
126 368
6311 6674
580 616
591 1074
7746 7819
2796 2909
4277 5031
207 458
8394 9159
6219 6666
2213 2614
6100 6819
2399 2887
620 1161
6321 6941
9532 9824
6312 6741
7703 7832
9286 9941
5446 5626
6258 6710
2767 3447
8989 9196
1667 2066
8823 9461
5782 6550
5561 5994
2796 3182
8915 9309
9141 9145
5883 6315
5742 6492
7539 8283
5682 6252
4884 5436
4809 4872
8383 8900
2577 2612
2439 2589
8023 8697
5906 6260
223 715
474 1039
9705 9966
8491 8530
5301 5515
5901 5937
4547 5069
8376 9158
3668 4117
4806 5167
6146 6302
2584 3314
1784 2305
2756 3452
8003 8490
7046 7738
6582 6692
3387 3791
370 1118
4917 5640
8650 8871
9370 9849
8836 9575
3744 4164
346 983
5243 5847
1136 1296
2685 2754
6732 7469
8857 9019
1793 2164
2582 2611
1314 1815
5761 6385
4435 4442
7302 7905
1793 1808
117 465
4817 5256
8847 9232
596 796
9350 9551
4771 5295
1516 2196
491 504
9754 9920
7060 7113
405 1099
701 853
8184 8336
6029 6126
9089 9468
7690 7714
2890 3016
3744 4105
2465 2995
7668 7955
6884 7173
4826 5360
8709 8891
4783 4927
7395 8168
4507 4627
7503 7978
6077 6844
63 350
7342 7375
6904 7472
4753 4887
6920 7281
9119 9754
3209 3634
3653 4415
5173 5549
9167 9838
1197 1291
548 763
8680 8758
1258 1781
8164 8914
5167 5331
6939 7173
3238 3934
593 1151
3000 3720
6973 7018
9536 9951
986 994
3405 3962
81 519
5411 5856
9013 9259
2247 2973
9000 9637
6890 7190
8951 9611
9191 9942
2409 2642
6309 6402
2463 2869
6139 6412
8913 9040
4333 4579
7955 8105
9409 9638
105 125
6039 6274
8892 9198
822 986
4977 5012
6614 6807
3005 3538
8575 8805
1107 1863
234 497
3470 3589
8848 9619
4859 5359
3376 4061
7168 7837
8050 8058
3520 3812
15 88
4690 5172
4997 5478
3976 4680
1230 1521
745 921
8696 9089
9580 9913
92 456
6891 7184
5137 5709
5349 5907
5352 5798
232 512
8287 8801
6240 6980
5290 5298
2832 2868
3669 4369
2925 3267
5414 6199
8153 8278
699 811
2425 2562
9839 9992
7383 7685
3430 4229
2744 2868
423 1035
8386 8766
7506 7598
510 807
9251 9644
4875 5369
1077 1666
9056 9806
6881 7514
2116 2527
8810 9477
1417 1767
8334 8467
6659 7434
4168 4645
6520 6749
7841 8519
2612 3307
8046 8142
1531 2079
1424 1477
9357 9986
2570 2604
2915 3366
1556 2092
5959 6039
2607 2674
9257 9875
9249 9369
294 370
6666 6784
144 726
4371 4842
427 517
1638 1667
8541 8705
7829 8035
8774 9518
9182 9806
8559 8594
2402 2954
129 379
3589 3741
4571 4594
5992 6301
225 463
1280 1632
127 787
2002 2022
4919 5294
9190 9501
2149 2544
9129 9316
6227 6239
6829 6925
2511 2565
8187 8963
5061 5839
2091 2092
7043 7085
1175 1282
5011 5354
1568 2279
2306 2942
7584 7702
4330 4585
6275 6722
2344 2415
7286 7991
6075 6144
3043 3310
1260 1472
3885 3886
8364 8794
2580 3175
8202 8569
3048 3224
7172 7597
1629 1905
5244 5289
3624 4312
7176 7854
1865 2419
2939 3212
8661 9305
1869 2522
840 1516
5205 5304
7887 8659
8854 8945
9280 9921
7078 7640
8229 8842
8322 8624
8582 9018
4942 5351
2502 2652
3602 4142
3939 4058
625 1409
602 947
51 180
5735 5904
8823 9300
1700 2372
1827 2122
1677 2248
5560 5973
4285 4631
4260 4479
1560 1747
6462 6504
641 968
8784 9481
3472 4160
5410 5655
338 422
7934 8501
8106 8755
5478 6066
2800 2833
6952 7235
7833 7844
3606 4094
3046 3255
8717 9354
5125 5558
5841 6143
8843 9472
9388 9685
2047 2801
4664 4824
2482 3022
7006 7634
8328 8665
6655 6900
649 946
1064 1129
3855 4445
4624 5309
411 855
4878 5603
8717 9397
9576 9594
3201 3733
6636 6828
4438 4465
3375 3670
8800 9423
1725 2282
2861 3393
3307 3460
874 1102
4200 4721
7992 8652
8443 8722
46 675
675 704
3564 4226
7594 8252
6425 6517
3409 3661
1619 1942
2317 2441
9608 9929
1091 1651
7396 7756
4511 5269
4699 4855
4759 5257
4009 4180
6949 7087
6801 6877
8374 8882
339 718
5941 6402
8159 8275
6817 6888
1009 1797
4697 4792
6272 6529
7926 8038
7577 7737
7636 8403
8090 8725
2048 2564
3333 4003
6945 7459
15 369
6055 6809
84 341
5043 5228
2194 2447
7007 7255
6902 6935
3381 3386
692 1295
8699 8728
1922 2444
2913 3611
3518 3798
8187 8592
5112 5652
1823 2205
9679 9696
3645 4212
9599 9774
262 1010
9330 9921
9063 9235
5831 6346
1013 1079
1638 2012
3463 3602
2428 2777
5784 6321
4271 4536
5872 6173
4842 5224
5455 5534
4457 4615
4772 5107
8391 8509
4386 4456
177 415
3739 4218
9156 9917
9152 9368
153 226
9184 9558
9203 9348
4849 5649
3167 3586
8880 9647
2626 2707
65 201
1470 1989
4267 4351
822 1063
6121 6424
9493 9668
1247 1539
2356 2808
1639 1723
3021 3045
4251 5014
5613 6032
2860 3455
9347 9536
2362 2664
7582 7652
2436 2842
5443 5968
2505 2787
3296 3529
7101 7621
7897 8227
6245 6779
7535 7726
1434 1571
7112 7439
3048 3490
2469 2595
6263 6897
1488 2039
3116 3659
8181 8587
4315 4930
3768 3833
6312 6921
2459 3014
6848 7181
5489 5781
3929 4054
2861 3478
6407 6883
7862 8098
507 637
9631 9647
7905 8170
7729 8065
5141 5170
2467 2893
1427 2174
8951 9706
2496 3236
7532 8283
2479 3003
245 247
8997 9586
3376 3552
7819 8410
3107 3898
9634 9812
455 1204
5326 5574
9124 9754
4404 5116
4156 4337
6230 6355
7226 7249
5038 5357
3408 4098
7512 8082
2610 3165
9079 9283
9142 9731
1416 1798
6752 7154
6161 6837
6426 6508
7273 7856
2406 2530
3057 3476
1584 1888
741 1187
390 1093
3008 3390
4804 5183
7612 8242
8591 9305
1682 2388
3916 4037
3454 3693
6091 6139
5791 6535
2038 2356
3179 3201
5924 6495
2358 3117
5271 5695
8853 9476
9367 9938
4259 4440
2744 2765
4664 5336
170 241
633 797
8678 9066
9049 9825
7286 8035
6373 6466
4454 4532
6442 6477
1141 1353
5828 6293
7377 7999
2067 2296
2035 2361
2321 2971
8681 8789
8769 8823
4723 5176
8723 9510
8680 9402
982 1320
1284 1492
3158 3565
6696 7267
513 599
6426 6869
628 1043
7458 7484
180 577
6576 7108
5841 5973
7370 8043
5617 6104
8497 8650
1778 2349
7742 7810
5133 5613
435 983
7113 7444
3190 3651
1530 2180
5536 5721
4072 4211
6500 7213
1452 1784
1796 2376
833 1586
255 599
7173 7707
4183 4980
3078 3334
620 1097
4718 4802
2107 2182
3162 3389
2841 3450
7029 7780
1652 1885
6330 6370
6985 7152
8949 9398
2071 2492
559 592
2032 2789
6575 7127
1854 1956
2433 2968
6264 6912
580 1087
4965 5505
120 238
3250 3606
9384 9810
9561 9752
5814 6439
6940 7546
6896 7675
6123 6449
2676 3175
4820 5054
83 785
7376 7767
3255 3529
6699 7183
7265 7937
2218 2448
6881 6996
7419 7779
360 594
5130 5341
1442 1575
7886 8153
5340 5858
936 1316
n2
1407 1828
1827 2167
9357 9967
4830 5007
2758 3089
3742 4293
9244 9585
9318 9839
4925 4983
2667 3357
2213 2741
7548 7753
7086 7617
9236 9648
8638 8953
6154 6245
6254 7031
705 1208
4185 4910
7163 7656
3090 3769
6466 7134
6660 6723
6864 7616
7361 7860
2802 3236
1678 1884
7402 7428
4377 4656
9345 9922
9003 9732
2236 2341
615 1039
5778 5887
6000 6382
1105 1622
3703 3764
2201 2408
2659 3443
3635 4170
657 725
1452 1556
5766 6143
7655 7871
1605 2089
1064 1108
952 1218
9022 9185
2675 2841
4130 4737
6787 7490
8813 9489
4493 4614
2938 3297
1680 1755
5926 6725
8520 8696
4403 4858
8009 8286
3148 3861
972 1637
900 1459
3122 3417
9958 9975
3854 3946
4937 5047
673 971
7656 7825
6364 6417
7879 8330
2308 2393
2214 2776
6034 6390
5990 6675
3967 4584
6843 7617
6545 6990
1468 1601
8636 9274
7194 7970
6073 6507
9045 9678
4632 4865
3756 3831
559 1123
2134 2719
7810 7946
1728 1855
773 1360
1148 1753
7648 8021
8904 9308
5881 6167
8914 9689
5842 6320
3005 3414
7603 7614
2558 2904
3146 3722
4551 4888
2893 3130
6224 6772
57 645
122 298
3442 3450
1933 2394
1587 2385
7411 7634
51 796
1627 1821
4336 4676
3268 3700
1381 1773
3629 4359
3858 4225
913 968
693 1176
3311 3793
9305 9995
8677 8739
1916 2412
8020 8706
7128 7754
9349 9388
2348 2357
8802 8864
7024 7367
5259 5788
7158 7222
1054 1843
3024 3452
1024 1299
2114 2298
3719 4398
4430 5224
7733 8027
2854 3639
9592 9815
4736 5440
5559 6040
5778 6071
7483 7900
1178 1547
956 1730
6721 7079
9079 9319
5540 6253
3524 3787
6605 7283
1369 1794
7773 8322
8304 9086
7207 7467
4014 4551
6342 6969
2646 2873
4376 4641
4622 5095
1444 1797
9157 9186
4998 5771
1784 1949
8162 8835
4902 5141
5214 5243
8822 9594
7027 7437
7414 7997
2430 3188
87 248
396 1136
6392 6864
6435 7231
9858 9965
3790 4465
2256 2670
9330 9803
4220 4445
3868 4447
6496 7085
1352 1864
3619 4195
287 772
5539 5689
69 461
5631 6171
3148 3238
3 544
8530 8841
7269 7526
8407 8712
254 698
1941 2266
6082 6799
5948 6697
8543 9016
5594 6182
7326 7877
3345 3878
303 312
6901 7259
191 247
52 56
8383 9054
3641 4278
5321 5360
7441 8211
395 563
9163 9651
5323 5603
1959 2508
4947 4962
9083 9395
1599 2395
7717 8220
6954 7373
2585 3073
7632 8088
9432 9471
6216 6961
5696 6457
162 916
1709 2338
6608 7096
8238 8629
4564 4965
533 749
8423 8977
51 221
5806 6502
9126 9880
6447 6594
6287 6509
9084 9788
1954 2740
8410 8679
6901 7637
5811 6080
755 1022
1323 1656
9822 9825
1804 2206
644 987
1083 1086
7068 7108
6471 6579
1513 1892
7716 8422
5693 6297
9103 9671
5908 6244
9535 9611
3744 3911
700 1086
6870 7501
9051 9426
112 293
8602 8762
1967 1969
1713 2327
52 788
248 299
8158 8335
5758 6176
4001 4305
9385 9906
2500 2970
5585 5594
397 608
3919 4177
2027 2237
9544 9781
4447 4663
4498 4577
6888 7029
6576 7010
9498 9967
5175 5658
3109 3776
5873 5972
2609 3063
3638 4187
9641 9923
7325 8117
2612 3071
7771 8198
893 1550
224 952
9115 9577
7969 8764
1024 1436
1492 1499
8264 8315
3501 4142
899 1512
4860 5182
7004 7213
2419 2824
4509 4518
7431 7525
8303 8391
9428 9976
4101 4463
2522 2629
7369 8057
3072 3785
5511 5638
6759 7255
6412 7087
8129 8333
7481 8168
80 387
841 1033
8841 9336
5534 6318
998 1457
4815 5448
4308 4442
705 1445
4064 4803
5981 6773
1026 1574
2815 2854
5590 5595
9431 9604
6789 6947
7772 8001
6505 7286
5097 5575
9473 9484
7921 8154
5110 5572
8312 8818
1982 2400
3772 4294
7427 7690
5401 5842
6446 6626
6853 7476
1238 1960
4212 4237
8776 8790
1556 1892
2449 3067
2204 2374
3860 3999
941 1272
3128 3775
9611 9704
5854 6077
1956 2338
9559 9648
4604 4959
4993 5693
7226 7530
2596 2670
7990 8364
8317 8505
2412 2636
1544 2140
7160 7560
2475 3087
7536 8299
1792 2242
7580 8351
2259 2400
4478 4915
5289 5716
7970 8358
917 1097
9012 9469
8444 8607
581 796
4372 4464
2747 3393
2268 2410
3118 3589
3796 4171
6001 6742
8183 8190
9371 9879
7394 7811
6727 7242
638 709
5520 6260
6408 6634
6949 6991
3498 3689
5626 5948
36 806
8685 8900
459 593
2683 3337
302 929
8734 9251
4734 5519
615 1060
8879 9448
7151 7619
234 378
9623 9882
2992 3624
2263 2762
650 1220
8446 9037
5614 5851
4138 4535
7783 7995
7036 7141
2572 3150
3508 3921
8460 8704
6247 6697
5196 5398
2997 3355
745 1348
4243 4421
7369 7971
9283 9968
5340 5941
156 603
1117 1846
526 1149
8572 9102
4117 4276
5274 5313
6338 6800
1512 1838
9319 9449
5509 5553
3899 4154
9401 9578
6483 6917
3670 3821
5401 5938
9113 9183
2733 2766
3878 4119
8254 8368
2052 2663
2893 3095
8166 8543
2521 2880
6686 7228
9472 9817
958 1113
6160 6219
7349 7584
3476 3600
4369 4508
7195 7730
1673 1980
6248 7019
8709 9011
1232 1238
1499 2176
8320 8949
1271 1888
3003 3768
4584 4749
3268 3796
5612 6194
8067 8156
127 870
8442 8949
6341 7074
3665 4326
6646 6794
5337 5501
2691 2989
9700 9991
6213 6641
3578 3851
9603 9740
1499 1900
9586 9624
6318 6731
5068 5771
3679 3988
8329 8574
3519 3619
139 680
3962 4054
8103 8686
2287 2488
9301 9392
7267 7849
8089 8444
4600 5331
4572 5317
7258 7985
5391 5618
518 543
810 900
7818 7928
8986 9291
7505 7744
9903 9911
7930 8624
6202 6346
5812 5859
3075 3258
2963 3433
8539 8695
1917 2564
7757 7948
8310 8921
7952 8361
7557 7880
7034 7534
1067 1436
1896 2319
7017 7316
7806 8384
5011 5446
8123 8339
1 109
66 643
5821 5977
9459 9885
5600 6101
4382 4541
6364 6461
4283 5009
1683 2112
7028 7300
2831 3631
9018 9437
8574 9062
432 521
7325 7833
1278 1922
3196 3337
9632 9878
1040 1732
2369 2877
9783 9796
520 1209
6201 6312
739 1125
4552 5166
1955 2755
6980 7198
2041 2806
4608 4690
7298 7683
1313 1733
4745 5284
6581 6800
4262 4410
5109 5229
5347 5599
5371 5914
9143 9781
6279 6442
1892 2112
8916 9606
2532 3157
7897 8471
90 665
5856 6453
8543 8804
1490 1701
2921 3004
3737 4207
4057 4434
3213 3702
9961 9962
9376 9529
8403 9078
1464 1957
8554 9322
6457 6962
1029 1539
8672 9365
4844 5178
7433 8037
7298 8011
8088 8694
3223 3393
8280 8859
3475 3700
1306 1338
9313 9525
7381 7837
9409 9621
7428 7800
7456 7953
4193 4383
2054 2364
412 470
377 890
6339 7032
4516 5057
236 604
7629 8343
4141 4228
8100 8512
5457 5916
7170 7343
3118 3841
6035 6638
9489 9728
4995 5540
8466 8533
3012 3244
2541 3145
7958 8131
5923 6080
6331 6678
8213 9007
8852 9511
8515 8767
1394 1677
6720 6904
4906 5359
7060 7522
7345 7739
213 832
9183 9454
8487 8704
9887 9938
2894 3392
8162 8824
4504 4565
8107 8389
7288 7926
3990 4153
1010 1312
8128 8340
9124 9441
1968 2124
4298 4582
3014 3768
3268 3651
8191 8421
5042 5391
4615 5177
596 616
8789 8801
6118 6877
100 467
6654 7425
7729 8394
7362 7890
3415 4154
7469 7800
5570 6239
8026 8541
8694 9103
5269 5594
6828 7355
2423 2871
2939 3063
1107 1459
8958 9161
6741 7129
74 326
4170 4430
63 577
952 1524
7573 8342
102 616
8459 8876
5252 6034
4660 5399
6882 7115
2476 2869
90 712
1621 1907
7800 8108
9250 9967
8184 8306
8214 8681
2074 2387
9337 9946
754 1404
330 642
7405 8146
7464 7908
5979 6288
2581 2709
7213 7350
5717 5800
5264 5272
5354 6009
6598 6621
3508 3797
3507 3929
8074 8497
9313 9471
4776 5197
2273 2956
3916 4307
449 850
6906 6981
100 383
321 497
7739 8470
7631 7872
7088 7515
4583 5181
8391 8741
2499 2780
7438 7850
3203 3912
2303 2674
2726 3199
2557 3290
2616 3191
3763 4476
6076 6085
3692 3883
5918 5922
1751 1895
723 1295
8697 8859
27 177
3786 4392
8043 8629
340 855
571 1324
1769 1995
9496 9504
6662 7269
983 1099
8275 8583
2416 3149
4202 4944
9361 9957
9483 9936
4705 5505
6968 7646
1610 2247
5088 5837
1973 2270
9301 9732
884 903
5351 6125
5651 6204
7962 8470
4160 4356
6795 7267
8711 8729
4209 4444
4510 5058
5896 6062
8200 8295
9325 9830
7046 7372
1455 1640
3376 3534
8639 8703
1864 2116
7372 7522
5819 6240
3061 3497
5774 6565
7791 7853
2270 2547
539 1109
8565 8920
6959 7444
6222 6687
83 653
8921 9629
5004 5749
3412 3806
9117 9189
4446 4984
4066 4335
1633 2179
4267 4998
8609 9308
9155 9841
8188 8345
9066 9408
8190 8760
6520 6944
6587 6727
9112 9596
2671 3299
7564 7587
5837 5866
1409 1789
1840 2054
7026 7220
2595 3107
796 843
221 274
9510 9810
5793 6418
6439 6954
2016 2488
6206 6757
4824 5552
2303 2433
7259 7874
2959 3246
4471 4847
5860 5957
6803 7028
2686 3110
6722 7172
7823 8165
3582 3698
8848 9535
9369 9403
427 508
8803 9570
6861 7249
4622 5166
3748 4151
8858 9562
2108 2534
6405 7117
137 609
7441 8098
172 207
1065 1081
317 921
5818 6239
4996 5239
3985 4489
1863 2401
8397 8652
5224 5598
108 170
46 531
5986 6561
4351 4641
273 892
396 938
169 857
2829 3625
3409 3647
3460 4162
8772 9347
5645 6366
9126 9358
147 658
8816 8995
1583 1686
748 1232
607 884
2517 2794
2405 2924
5483 5617
8453 8822
8472 8679
1495 2094
8717 8790
6218 6608
1893 2674
4384 4787
786 902
9250 9977
551 600
9715 9956
7360 7827
856 980
8375 8695
8123 8354
6838 6870
389 956
2612 2951
4840 5069
4531 4786
7983 8579
939 1612
7659 8278
1811 2116
2854 3080
2982 3043
1650 2439
3896 4665
7286 7327
1130 1395
8674 8783
5395 5574
5344 5588
4358 4402
7214 7965
183 829
4071 4651
3024 3352
5507 5532
8102 8601
3038 3319
7471 8032
91 640
3128 3399
1789 2505
9807 9974
9124 9899
842 1409
3813 4381
2620 2988
9502 9993
4915 5703
8981 9563
9356 9620
693 707
2633 2993
6639 6648
4891 5098
9132 9353
163 814
6673 6832
3200 3638
8740 9009
5457 5780
3278 3573
5515 6050
4647 4685
8285 8981
5219 5840
6542 7163
1480 1686
9006 9427
8411 8461
3621 4312
5440 5521
3 764
3728 4108
7550 7986
1527 2161
7485 7875
6585 6713
1893 2363
8777 9448
1867 2038
8547 9156
4640 5421
82 252
9029 9538
5381 5959
7018 7649
8092 8287
4884 5242
1671 2041
7746 7878
4960 5398
2361 2661
1127 1448
8837 9538
4844 5025
54 478
6394 6558
1107 1655
6318 6542
7896 8643
7730 7911
2839 3062
126 235
483 564
8585 8704
8573 9282
6771 7385
1660 1865
3087 3222
2357 2369
8082 8882
8790 9450
1718 2016
8364 8536
5995 6768
1364 1536
8379 8811
1726 2375
5764 5840
8019 8798
6470 6980
5978 6497
9004 9027
4151 4697
4773 5491
2494 2943
1977 2084
2311 2340
1132 1693
2677 3067
4247 4444
1026 1298
7188 7836
8617 8950
3737 3740
4275 4494
1189 1587
9074 9365
7002 7463
3761 4251
8570 9019
5448 5974
9050 9354
2147 2912
6447 6659
4850 5082
